./timing/time_zgemm_tile --m=48000 --n_range=48000:48000 --k=48000 --mb=2400 --nb=2400 --nowarmup --threads=55 --starshmaxrank=1200 --st-3D-exp --acc=3 --reorderinnerproducts=0
Profiling throught FxT has not been enabled in StarPU runtime (configure StarPU with --with-fxt)
/home/akbudak/hicma-dev/misc/compute/zproblem.c 246 Spatial Statistics Application with 3D Exp Kernel: beta:0.1 nu:0.5 noise:0.0005
#
# morse ./timing/time_zgemm_tile
# Nb threads:  55
# Nb GPUs:     0
# MB:          2400
# NB:          2400
# IB:          32
# eps:         1.110223e-16
# fixed rank:  0
# fixed acc:   1.0e-03
# alwaysfixedrank:      0
# wave_k:     0
# shmaxrk:     1200
# shprob:      8
# shdecay:     0.000000e+00
# reorder inner products:     0
#
#     M       N  K/NRHS   seconds   Gflop/s Deviation
<STARS_Problem at 0x17f2300, name "Spatial Statistics example", shape (48000,48000), 'd' dtype, 'S' symmetric>
<STARS_Cluster at 0x17c5d30, tiled, 20 blocks>
<STARSH_blrf at 0x17ff650, 'S' symmetric, 20 block rows, 20 block columns, 210 far-field blocks, 0 near-field blocks>
20 20
278	278	127	38	28	57	23	20	13	13	22	18	16	14	11	14	13	11	11	10	
278	262	262	83	73	115	41	33	20	17	113	34	27	21	15	21	17	15	15	12	
127	262	153	153	139	50	98	59	20	26	93	108	36	32	17	38	19	19	16	12	
38	83	153	209	209	68	17	52	84	31	20	13	15	23	16	15	11	12	14	11	
28	73	139	209	159	159	19	28	51	75	34	27	83	132	26	23	13	21	20	14	
57	115	50	68	159	229	229	112	73	95	29	21	19	81	19	30	19	25	28	14	
23	41	98	17	19	229	267	267	83	45	24	27	15	13	12	81	28	22	18	13	
20	33	59	52	28	112	267	130	130	125	27	26	17	17	12	136	85	35	30	16	
13	20	20	84	51	73	83	130	241	241	39	10	11	15	11	16	13	16	22	14	
13	17	26	31	75	95	45	125	241	154	154	16	15	34	17	31	26	75	128	22	
22	113	93	20	34	29	24	27	39	154	239	239	99	58	30	31	25	26	75	20	
18	34	108	13	27	21	27	26	10	16	239	277	277	78	48	126	41	31	18	15	
16	27	36	15	83	19	15	17	11	15	99	277	140	140	131	48	122	32	23	20	
14	21	32	23	132	81	13	17	15	34	58	78	140	229	229	70	17	71	60	24	
11	15	17	16	26	19	12	12	11	17	30	48	131	229	148	148	23	32	76	56	
14	21	38	15	23	30	81	136	16	31	31	126	48	70	148	263	263	111	58	81	
13	17	19	11	13	19	28	85	13	26	25	41	122	17	23	263	275	275	104	45	
11	15	19	12	21	25	22	35	16	75	26	31	32	71	32	111	275	181	181	113	
11	15	16	14	20	28	18	30	22	128	75	18	23	60	76	58	104	181	244	244	
10	12	12	11	14	14	13	16	14	22	20	15	20	24	56	81	45	113	244	244	
Ainitial_ranks:avg:65.805 min:10 max:278
Cinitial_ranks:avg:65.805 min:10 max:278
Cfinal_ranks:avg:173.657 min:23 max:693
nop_thread 1 55
372386973630 239201661756 347798417798 258790862118 379001905332 321338703825 246409573223 307332915813 302337702325 243022331141 294719494218 260552033949 201380979057 172940523574 228536621420 212968557400 275681776270 285562204054 173004745228 255224300981 244171395150 250994371551 192953400589 223326391125 244258176208 191202702384 202301296976 201478613085 249103583331 248606042108 162371576675 177403506488 174476773200 184199020254 215270369015 169250749855 204400497673 205693490734 200235636036 228463924024 311201502016 249751381225 195527961715 247984986395 291030261493 266327529942 271224002044 259725832770 235989432691 321643862335 227052867173 271212030640 310958944320 304276897717 319564821999 
		TOTFLOP		TOTGFLOP	GFLOP/S		TIME(s)
ReShg	13631826114048	12695.6	4.33489	2928.71
  48000   48000   48000  2928.708      0.00 +-   0.00  
./timing/time_zgemm_tile --m=48000 --n_range=48000:48000 --k=48000 --mb=2400 --nb=2400 --nowarmup --threads=55 --starshmaxrank=1200 --st-3D-exp --acc=3 --reorderinnerproducts=1
Profiling throught FxT has not been enabled in StarPU runtime (configure StarPU with --with-fxt)
/home/akbudak/hicma-dev/misc/compute/zproblem.c 246 Spatial Statistics Application with 3D Exp Kernel: beta:0.1 nu:0.5 noise:0.0005
#
# morse ./timing/time_zgemm_tile
# Nb threads:  55
# Nb GPUs:     0
# MB:          2400
# NB:          2400
# IB:          32
# eps:         1.110223e-16
# fixed rank:  0
# fixed acc:   1.0e-03
# alwaysfixedrank:      0
# wave_k:     0
# shmaxrk:     1200
# shprob:      8
# shdecay:     0.000000e+00
# reorder inner products:     1
#
#     M       N  K/NRHS   seconds   Gflop/s Deviation
<STARS_Problem at 0x1653300, name "Spatial Statistics example", shape (48000,48000), 'd' dtype, 'S' symmetric>
<STARS_Cluster at 0x1626d30, tiled, 20 blocks>
<STARSH_blrf at 0x1660650, 'S' symmetric, 20 block rows, 20 block columns, 210 far-field blocks, 0 near-field blocks>
20 20
278	278	127	38	28	57	23	20	13	13	22	18	16	14	11	14	13	11	11	10	
278	262	262	83	73	115	41	33	20	17	113	34	27	21	15	21	17	15	15	12	
127	262	153	153	139	50	98	59	20	26	93	108	36	32	17	38	19	19	16	12	
38	83	153	209	209	68	17	52	84	31	20	13	15	23	16	15	11	12	14	11	
28	73	139	209	159	159	19	28	51	75	34	27	83	132	26	23	13	21	20	14	
57	115	50	68	159	229	229	112	73	95	29	21	19	81	19	30	19	25	28	14	
23	41	98	17	19	229	267	267	83	45	24	27	15	13	12	81	28	22	18	13	
20	33	59	52	28	112	267	130	130	125	27	26	17	17	12	136	85	35	30	16	
13	20	20	84	51	73	83	130	241	241	39	10	11	15	11	16	13	16	22	14	
13	17	26	31	75	95	45	125	241	154	154	16	15	34	17	31	26	75	128	22	
22	113	93	20	34	29	24	27	39	154	239	239	99	58	30	31	25	26	75	20	
18	34	108	13	27	21	27	26	10	16	239	277	277	78	48	126	41	31	18	15	
16	27	36	15	83	19	15	17	11	15	99	277	140	140	131	48	122	32	23	20	
14	21	32	23	132	81	13	17	15	34	58	78	140	229	229	70	17	71	60	24	
11	15	17	16	26	19	12	12	11	17	30	48	131	229	148	148	23	32	76	56	
14	21	38	15	23	30	81	136	16	31	31	126	48	70	148	263	263	111	58	81	
13	17	19	11	13	19	28	85	13	26	25	41	122	17	23	263	275	275	104	45	
11	15	19	12	21	25	22	35	16	75	26	31	32	71	32	111	275	181	181	113	
11	15	16	14	20	28	18	30	22	128	75	18	23	60	76	58	104	181	244	244	
10	12	12	11	14	14	13	16	14	22	20	15	20	24	56	81	45	113	244	244	
Ainitial_ranks:avg:65.805 min:10 max:278
Cinitial_ranks:avg:65.805 min:10 max:278
Cfinal_ranks:avg:175.245 min:24 max:698
nop_thread 1 55
186676836348 184789740519 229096798710 219103265629 189068597577 133078717302 124740532386 182097780233 109546604476 79430122768 122540631370 107638690231 101669335582 176641586524 166722177082 253350066918 110007108042 179905197189 200230234500 177145031717 133859649556 177328719217 134194122672 160331147049 180932656990 163483461596 131566933561 263142786296 212731215693 159744586149 179452393348 165181760922 106102838622 200401344054 106243591374 149217737328 204948953370 225565154618 177998231914 138379212008 148327917550 229422184103 187808956747 180907506933 194835248944 315518419669 290242564257 297635015378 352448963673 233091324873 329958501754 346424974323 397744004347 367552425153 267017265837 
		TOTFLOP		TOTGFLOP	GFLOP/S		TIME(s)
ReShg	10743220824981	10005.4	5.98405	1672.01
  48000   48000   48000  1672.012      0.00 +-   0.00  
