./timing/time_zgemm_tile --m=24000 --n_range=24000:24000 --k=24000 --mb=600 --nb=600 --nowarmup --threads=55 --starshmaxrank=1200 --st-3D-exp --acc=3 --reorderinnerproducts=0
Profiling throught FxT has not been enabled in StarPU runtime (configure StarPU with --with-fxt)
/home/akbudak/hicma-dev/misc/compute/zproblem.c 246 Spatial Statistics Application with 3D Exp Kernel: beta:0.1 nu:0.5 noise:0.0005
#
# morse ./timing/time_zgemm_tile
# Nb threads:  55
# Nb GPUs:     0
# MB:          600
# NB:          600
# IB:          32
# eps:         1.110223e-16
# fixed rank:  0
# fixed acc:   1.0e-03
# alwaysfixedrank:      0
# wave_k:     0
# shmaxrk:     1200
# shprob:      8
# shdecay:     0.000000e+00
# reorder inner products:     0
#
#     M       N  K/NRHS   seconds   Gflop/s Deviation
<STARS_Problem at 0xf21300, name "Spatial Statistics example", shape (24000,24000), 'd' dtype, 'S' symmetric>
<STARS_Cluster at 0xef4d30, tiled, 40 blocks>
<STARSH_blrf at 0xf2a210, 'S' symmetric, 40 block rows, 40 block columns, 820 far-field blocks, 0 near-field blocks>
40 40
118	118	46	71	29	28	14	13	14	12	15	14	11	11	12	9	10	9	9	9	13	14	13	11	10	11	9	9	9	9	9	10	8	8	8	8	8	8	8	7	
118	128	128	67	37	55	39	24	23	17	39	33	17	17	17	11	14	12	11	12	15	14	16	11	11	11	11	10	10	9	12	12	11	11	10	9	10	10	8	8	
46	128	32	32	68	68	17	56	18	19	32	77	33	28	27	14	23	13	15	12	17	13	17	12	11	12	9	11	10	8	12	14	12	11	10	10	11	10	8	8	
71	67	32	129	129	39	19	13	30	16	16	13	10	12	14	10	10	8	9	9	64	36	28	18	15	16	13	12	12	11	13	13	10	10	9	10	9	9	9	8	
29	37	68	129	94	94	15	14	43	21	24	23	16	41	36	13	13	11	12	12	32	67	66	23	19	23	19	16	13	12	21	20	13	13	13	13	12	11	11	9	
28	55	68	39	94	85	85	54	37	46	41	21	19	21	61	14	20	15	21	16	20	23	70	20	15	18	17	22	14	11	20	24	13	13	11	14	14	11	10	8	
14	39	17	19	15	85	95	95	84	61	23	10	8	9	9	7	15	12	12	12	13	10	10	8	8	9	16	15	12	11	11	8	7	8	7	8	10	10	9	8	
13	24	56	13	14	54	95	104	104	77	40	17	16	12	14	9	72	26	24	19	15	9	10	9	9	10	15	16	12	11	13	9	9	8	8	10	13	11	10	8	
14	23	18	30	43	37	84	104	109	109	74	12	10	13	12	10	36	36	21	22	17	20	16	11	11	20	45	25	19	14	15	10	10	10	8	11	15	13	11	9	
12	17	19	16	21	46	61	77	109	119	119	10	10	10	15	8	21	15	31	20	16	14	16	12	11	15	79	41	22	17	16	11	9	9	9	12	16	13	12	9	
15	39	32	16	24	41	23	40	74	119	49	49	23	20	24	16	24	23	45	58	20	13	21	13	11	14	31	87	32	16	20	16	13	12	10	21	26	16	13	11	
14	33	77	13	23	21	10	17	12	10	49	121	121	97	43	24	39	19	16	14	16	10	13	9	9	11	8	9	9	8	12	14	14	12	10	11	11	11	9	8	
11	17	33	10	16	19	8	16	10	10	23	121	106	106	76	54	42	21	21	17	15	9	13	9	10	10	7	9	8	7	12	16	17	13	12	13	12	11	8	8	
11	17	28	12	41	21	9	12	13	10	20	97	106	103	103	79	32	57	20	22	19	10	16	10	9	11	9	10	11	8	18	21	21	16	13	15	13	12	10	9	
12	17	27	14	36	61	9	14	12	15	24	43	76	103	107	107	29	16	48	25	20	13	32	15	13	14	9	14	10	9	46	78	38	21	17	24	18	14	11	9	
9	11	14	10	13	14	7	9	10	8	16	24	54	79	107	50	50	20	20	39	21	9	14	10	9	11	8	9	9	7	16	31	87	21	16	20	17	14	9	10	
10	14	23	10	13	20	15	72	36	21	24	39	42	32	29	50	123	123	81	48	34	9	12	10	10	11	10	13	11	10	14	16	32	14	11	19	23	17	12	10	
9	12	13	8	11	15	12	26	36	15	23	19	21	57	16	20	123	110	110	91	33	8	9	8	8	10	9	12	9	9	13	10	11	9	10	13	18	15	11	10	
9	11	15	9	12	21	12	24	21	31	45	16	21	20	48	20	81	110	105	105	60	9	12	9	9	10	11	21	12	9	14	17	14	12	9	35	28	21	12	12	
9	12	12	9	12	16	12	19	22	20	58	14	17	22	25	39	48	91	105	106	106	9	11	9	10	11	12	21	17	11	16	17	19	13	11	43	74	33	16	14	
13	15	17	64	32	20	13	15	17	16	20	16	15	19	20	21	34	33	60	106	75	75	34	24	18	18	13	17	16	14	19	18	19	17	16	21	52	60	15	15	
14	14	13	36	67	23	10	9	20	14	13	10	9	10	13	9	9	8	9	9	75	94	94	90	65	39	39	18	20	15	18	15	11	13	12	11	10	8	10	8	
13	16	17	28	66	70	10	10	16	16	21	13	13	16	32	14	12	9	12	11	34	94	98	98	81	45	30	36	20	17	41	65	18	26	19	19	14	13	13	9	
11	11	12	18	23	20	8	9	11	12	13	9	9	10	15	10	10	8	9	9	24	90	98	107	107	85	19	36	20	21	23	40	13	22	20	16	14	12	12	9	
10	11	11	15	19	15	8	9	11	11	11	9	10	9	13	9	10	8	9	10	18	65	81	107	127	127	22	17	57	24	24	24	12	34	19	14	11	10	12	9	
11	11	12	16	23	18	9	10	20	15	14	11	10	11	14	11	11	10	10	11	18	39	45	85	127	31	31	25	27	43	36	28	15	56	49	19	14	15	18	10	
9	11	9	13	19	17	16	15	45	79	31	8	7	9	9	8	10	9	11	12	13	39	30	19	22	31	120	120	77	46	21	10	8	9	9	11	14	11	12	9	
9	10	11	12	16	22	15	16	25	41	87	9	9	10	14	9	13	12	21	21	17	18	36	36	17	25	120	105	105	96	40	19	11	12	13	33	50	23	21	12	
9	10	10	12	13	14	12	12	19	22	32	9	8	11	10	9	11	9	12	17	16	20	20	20	57	27	77	105	115	115	75	12	10	12	11	15	45	18	23	11	
9	9	8	11	12	11	11	11	14	17	16	8	7	8	9	7	10	9	9	11	14	15	17	21	24	43	46	96	115	118	118	12	9	11	15	14	22	27	26	11	
9	12	12	13	21	20	11	13	15	16	20	12	12	18	46	16	14	13	14	16	19	18	41	23	24	36	21	40	75	118	59	59	22	23	25	24	28	26	75	16	
10	12	14	13	20	24	8	9	10	11	16	14	16	21	78	31	16	10	17	17	18	15	65	40	24	28	10	19	12	12	59	102	102	89	52	46	32	21	16	13	
8	11	12	10	13	13	7	9	10	9	13	14	17	21	38	87	32	11	14	19	19	11	18	13	12	15	8	11	10	9	22	102	95	95	79	47	40	29	16	15	
8	11	11	10	13	13	8	8	10	9	12	12	13	16	21	21	14	9	12	13	17	13	26	22	34	56	9	12	12	11	23	89	95	121	121	77	26	38	20	19	
8	10	10	9	13	11	7	8	8	9	10	10	12	13	17	16	11	10	9	11	16	12	19	20	19	49	9	13	11	15	25	52	79	121	119	119	21	28	45	20	
8	9	10	10	13	14	8	10	11	12	21	11	13	15	24	20	19	13	35	43	21	11	19	16	14	19	11	33	15	14	24	46	47	77	119	84	84	45	36	50	
8	10	11	9	12	14	10	13	15	16	26	11	12	13	18	17	23	18	28	74	52	10	14	14	11	14	14	50	45	22	28	32	40	26	21	84	142	142	75	31	
8	10	10	9	11	11	10	11	13	13	16	11	11	12	14	14	17	15	21	33	60	8	13	12	10	15	11	23	18	27	26	21	29	38	28	45	142	80	80	83	
8	8	8	9	11	10	9	10	11	12	13	9	8	10	11	9	12	11	12	16	15	10	13	12	12	18	12	21	23	26	75	16	16	20	45	36	75	80	93	93	
7	8	8	8	9	8	8	8	9	9	11	8	8	9	9	10	10	10	12	14	15	8	9	9	9	10	9	12	11	11	16	13	15	19	20	50	31	83	93	93	
Ainitial_ranks:avg:26.1481 min:7 max:142
Cinitial_ranks:avg:26.1481 min:7 max:142
Cfinal_ranks:avg:63.8444 min:7 max:309
nop_thread 1 55
110827182477 102760175695 93979347432 85325960207 82461342136 75041987453 57221802048 63706801686 59596116619 47407527220 51729250068 43723306637 42247359852 45651565572 50301168974 56252984169 45980711148 57043758582 53657273707 50991546192 50751482512 64255327847 76286132944 69377200762 61162041134 56644783756 55373185641 56808805716 97980085138 98095479223 81524093182 90936409617 87523471293 79494234245 91110256980 86559130896 83145650182 86220990503 101320612400 104021403030 87840198252 93647187892 104439424470 102786760607 103587036813 111111026184 112163231369 108592350706 118074050782 116704421289 128791817025 128073706927 128365839578 122992618198 117528362005 
		TOTFLOP		TOTGFLOP	GFLOP/S		TIME(s)
ReShg	4539195976972	4227.46	8.91242	474.333
  24000   24000   24000   474.333      0.00 +-   0.00  
./timing/time_zgemm_tile --m=24000 --n_range=24000:24000 --k=24000 --mb=600 --nb=600 --nowarmup --threads=55 --starshmaxrank=1200 --st-3D-exp --acc=3 --reorderinnerproducts=1
Profiling throught FxT has not been enabled in StarPU runtime (configure StarPU with --with-fxt)
/home/akbudak/hicma-dev/misc/compute/zproblem.c 246 Spatial Statistics Application with 3D Exp Kernel: beta:0.1 nu:0.5 noise:0.0005
#
# morse ./timing/time_zgemm_tile
# Nb threads:  55
# Nb GPUs:     0
# MB:          600
# NB:          600
# IB:          32
# eps:         1.110223e-16
# fixed rank:  0
# fixed acc:   1.0e-03
# alwaysfixedrank:      0
# wave_k:     0
# shmaxrk:     1200
# shprob:      8
# shdecay:     0.000000e+00
# reorder inner products:     1
#
#     M       N  K/NRHS   seconds   Gflop/s Deviation
<STARS_Problem at 0xb21300, name "Spatial Statistics example", shape (24000,24000), 'd' dtype, 'S' symmetric>
<STARS_Cluster at 0xaf4d30, tiled, 40 blocks>
<STARSH_blrf at 0xb2a210, 'S' symmetric, 40 block rows, 40 block columns, 820 far-field blocks, 0 near-field blocks>
40 40
118	118	46	71	29	28	14	13	14	12	15	14	11	11	12	9	10	9	9	9	13	14	13	11	10	11	9	9	9	9	9	10	8	8	8	8	8	8	8	7	
118	128	128	67	37	55	39	24	23	17	39	33	17	17	17	11	14	12	11	12	15	14	16	11	11	11	11	10	10	9	12	12	11	11	10	9	10	10	8	8	
46	128	32	32	68	68	17	56	18	19	32	77	33	28	27	14	23	13	15	12	17	13	17	12	11	12	9	11	10	8	12	14	12	11	10	10	11	10	8	8	
71	67	32	129	129	39	19	13	30	16	16	13	10	12	14	10	10	8	9	9	64	36	28	18	15	16	13	12	12	11	13	13	10	10	9	10	9	9	9	8	
29	37	68	129	94	94	15	14	43	21	24	23	16	41	36	13	13	11	12	12	32	67	66	23	19	23	19	16	13	12	21	20	13	13	13	13	12	11	11	9	
28	55	68	39	94	85	85	54	37	46	41	21	19	21	61	14	20	15	21	16	20	23	70	20	15	18	17	22	14	11	20	24	13	13	11	14	14	11	10	8	
14	39	17	19	15	85	95	95	84	61	23	10	8	9	9	7	15	12	12	12	13	10	10	8	8	9	16	15	12	11	11	8	7	8	7	8	10	10	9	8	
13	24	56	13	14	54	95	104	104	77	40	17	16	12	14	9	72	26	24	19	15	9	10	9	9	10	15	16	12	11	13	9	9	8	8	10	13	11	10	8	
14	23	18	30	43	37	84	104	109	109	74	12	10	13	12	10	36	36	21	22	17	20	16	11	11	20	45	25	19	14	15	10	10	10	8	11	15	13	11	9	
12	17	19	16	21	46	61	77	109	119	119	10	10	10	15	8	21	15	31	20	16	14	16	12	11	15	79	41	22	17	16	11	9	9	9	12	16	13	12	9	
15	39	32	16	24	41	23	40	74	119	49	49	23	20	24	16	24	23	45	58	20	13	21	13	11	14	31	87	32	16	20	16	13	12	10	21	26	16	13	11	
14	33	77	13	23	21	10	17	12	10	49	121	121	97	43	24	39	19	16	14	16	10	13	9	9	11	8	9	9	8	12	14	14	12	10	11	11	11	9	8	
11	17	33	10	16	19	8	16	10	10	23	121	106	106	76	54	42	21	21	17	15	9	13	9	10	10	7	9	8	7	12	16	17	13	12	13	12	11	8	8	
11	17	28	12	41	21	9	12	13	10	20	97	106	103	103	79	32	57	20	22	19	10	16	10	9	11	9	10	11	8	18	21	21	16	13	15	13	12	10	9	
12	17	27	14	36	61	9	14	12	15	24	43	76	103	107	107	29	16	48	25	20	13	32	15	13	14	9	14	10	9	46	78	38	21	17	24	18	14	11	9	
9	11	14	10	13	14	7	9	10	8	16	24	54	79	107	50	50	20	20	39	21	9	14	10	9	11	8	9	9	7	16	31	87	21	16	20	17	14	9	10	
10	14	23	10	13	20	15	72	36	21	24	39	42	32	29	50	123	123	81	48	34	9	12	10	10	11	10	13	11	10	14	16	32	14	11	19	23	17	12	10	
9	12	13	8	11	15	12	26	36	15	23	19	21	57	16	20	123	110	110	91	33	8	9	8	8	10	9	12	9	9	13	10	11	9	10	13	18	15	11	10	
9	11	15	9	12	21	12	24	21	31	45	16	21	20	48	20	81	110	105	105	60	9	12	9	9	10	11	21	12	9	14	17	14	12	9	35	28	21	12	12	
9	12	12	9	12	16	12	19	22	20	58	14	17	22	25	39	48	91	105	106	106	9	11	9	10	11	12	21	17	11	16	17	19	13	11	43	74	33	16	14	
13	15	17	64	32	20	13	15	17	16	20	16	15	19	20	21	34	33	60	106	75	75	34	24	18	18	13	17	16	14	19	18	19	17	16	21	52	60	15	15	
14	14	13	36	67	23	10	9	20	14	13	10	9	10	13	9	9	8	9	9	75	94	94	90	65	39	39	18	20	15	18	15	11	13	12	11	10	8	10	8	
13	16	17	28	66	70	10	10	16	16	21	13	13	16	32	14	12	9	12	11	34	94	98	98	81	45	30	36	20	17	41	65	18	26	19	19	14	13	13	9	
11	11	12	18	23	20	8	9	11	12	13	9	9	10	15	10	10	8	9	9	24	90	98	107	107	85	19	36	20	21	23	40	13	22	20	16	14	12	12	9	
10	11	11	15	19	15	8	9	11	11	11	9	10	9	13	9	10	8	9	10	18	65	81	107	127	127	22	17	57	24	24	24	12	34	19	14	11	10	12	9	
11	11	12	16	23	18	9	10	20	15	14	11	10	11	14	11	11	10	10	11	18	39	45	85	127	31	31	25	27	43	36	28	15	56	49	19	14	15	18	10	
9	11	9	13	19	17	16	15	45	79	31	8	7	9	9	8	10	9	11	12	13	39	30	19	22	31	120	120	77	46	21	10	8	9	9	11	14	11	12	9	
9	10	11	12	16	22	15	16	25	41	87	9	9	10	14	9	13	12	21	21	17	18	36	36	17	25	120	105	105	96	40	19	11	12	13	33	50	23	21	12	
9	10	10	12	13	14	12	12	19	22	32	9	8	11	10	9	11	9	12	17	16	20	20	20	57	27	77	105	115	115	75	12	10	12	11	15	45	18	23	11	
9	9	8	11	12	11	11	11	14	17	16	8	7	8	9	7	10	9	9	11	14	15	17	21	24	43	46	96	115	118	118	12	9	11	15	14	22	27	26	11	
9	12	12	13	21	20	11	13	15	16	20	12	12	18	46	16	14	13	14	16	19	18	41	23	24	36	21	40	75	118	59	59	22	23	25	24	28	26	75	16	
10	12	14	13	20	24	8	9	10	11	16	14	16	21	78	31	16	10	17	17	18	15	65	40	24	28	10	19	12	12	59	102	102	89	52	46	32	21	16	13	
8	11	12	10	13	13	7	9	10	9	13	14	17	21	38	87	32	11	14	19	19	11	18	13	12	15	8	11	10	9	22	102	95	95	79	47	40	29	16	15	
8	11	11	10	13	13	8	8	10	9	12	12	13	16	21	21	14	9	12	13	17	13	26	22	34	56	9	12	12	11	23	89	95	121	121	77	26	38	20	19	
8	10	10	9	13	11	7	8	8	9	10	10	12	13	17	16	11	10	9	11	16	12	19	20	19	49	9	13	11	15	25	52	79	121	119	119	21	28	45	20	
8	9	10	10	13	14	8	10	11	12	21	11	13	15	24	20	19	13	35	43	21	11	19	16	14	19	11	33	15	14	24	46	47	77	119	84	84	45	36	50	
8	10	11	9	12	14	10	13	15	16	26	11	12	13	18	17	23	18	28	74	52	10	14	14	11	14	14	50	45	22	28	32	40	26	21	84	142	142	75	31	
8	10	10	9	11	11	10	11	13	13	16	11	11	12	14	14	17	15	21	33	60	8	13	12	10	15	11	23	18	27	26	21	29	38	28	45	142	80	80	83	
8	8	8	9	11	10	9	10	11	12	13	9	8	10	11	9	12	11	12	16	15	10	13	12	12	18	12	21	23	26	75	16	16	20	45	36	75	80	93	93	
7	8	8	8	9	8	8	8	9	9	11	8	8	9	9	10	10	10	12	14	15	8	9	9	9	10	9	12	11	11	16	13	15	19	20	50	31	83	93	93	
Ainitial_ranks:avg:26.1481 min:7 max:142
Cinitial_ranks:avg:26.1481 min:7 max:142
Cfinal_ranks:avg:65.0069 min:8 max:309
nop_thread 1 55
75450987232 91061014947 62311050113 61621015968 60467522991 47079154396 45437772151 35865063778 40894588170 39382560016 31772011060 40221492436 40304162426 33631615852 39398132455 44209158137 38325557752 40358946872 41542243812 48054859518 50946718892 50950970862 67902533819 54596992095 54478154465 44910381453 45341699457 42043270185 54841002590 57070041370 61659149820 62565403168 55523825402 55194675328 50362276477 51054897388 55875159030 67836295291 69561967636 64225430148 65360222467 76286953196 72798247937 76571914654 83240197893 77765702634 83844774170 106231285462 119640240885 101360522607 108578462939 105844024208 102828487888 95126206773 79227935563 
		TOTFLOP		TOTGFLOP	GFLOP/S		TIME(s)
ReShg	3429034934234	3193.54	9.04015	353.262
  24000   24000   24000   353.262      0.00 +-   0.00  
./timing/time_zgemm_tile --m=24000 --n_range=24000:24000 --k=24000 --mb=1200 --nb=1200 --nowarmup --threads=55 --starshmaxrank=1200 --st-3D-exp --acc=3 --reorderinnerproducts=0
Profiling throught FxT has not been enabled in StarPU runtime (configure StarPU with --with-fxt)
/home/akbudak/hicma-dev/misc/compute/zproblem.c 246 Spatial Statistics Application with 3D Exp Kernel: beta:0.1 nu:0.5 noise:0.0005
#
# morse ./timing/time_zgemm_tile
# Nb threads:  55
# Nb GPUs:     0
# MB:          1200
# NB:          1200
# IB:          32
# eps:         1.110223e-16
# fixed rank:  0
# fixed acc:   1.0e-03
# alwaysfixedrank:      0
# wave_k:     0
# shmaxrk:     1200
# shprob:      8
# shdecay:     0.000000e+00
# reorder inner products:     0
#
#     M       N  K/NRHS   seconds   Gflop/s Deviation
<STARS_Problem at 0x23d9300, name "Spatial Statistics example", shape (24000,24000), 'd' dtype, 'S' symmetric>
<STARS_Cluster at 0x23acd30, tiled, 20 blocks>
<STARSH_blrf at 0x23e6650, 'S' symmetric, 20 block rows, 20 block columns, 210 far-field blocks, 0 near-field blocks>
20 20
233	233	86	50	26	52	23	18	15	12	21	18	15	14	12	15	13	12	11	10	
233	230	230	71	47	92	47	31	24	17	78	37	22	20	16	21	18	15	14	11	
86	230	116	116	88	66	56	78	22	24	82	109	31	35	19	37	20	20	15	12	
50	71	116	220	220	53	18	15	75	29	21	13	12	24	16	15	10	11	14	11	
26	47	88	220	157	157	15	17	63	49	32	20	24	113	29	21	12	15	19	14	
52	92	66	53	157	182	182	57	64	91	31	27	18	94	34	32	21	25	29	15	
23	47	56	18	15	182	207	207	95	36	24	19	13	11	12	27	25	20	16	12	
18	31	78	15	17	57	207	68	68	81	32	33	17	16	12	108	99	35	25	15	
15	24	22	75	63	64	95	68	216	216	51	13	13	16	13	19	33	22	29	15	
12	17	24	29	49	91	36	81	216	135	135	15	12	29	21	27	21	59	82	20	
21	78	82	21	32	31	24	32	51	135	167	167	82	49	29	33	28	29	87	22	
18	37	109	13	20	27	19	33	13	15	167	204	204	70	33	109	38	33	19	15	
15	22	31	12	24	18	13	17	13	12	82	204	53	53	93	61	73	55	19	20	
14	20	35	24	113	94	11	16	16	29	49	70	53	214	214	53	15	39	54	22	
12	16	19	16	29	34	12	12	13	21	29	33	93	214	157	157	15	26	67	36	
15	21	37	15	21	32	27	108	19	27	33	109	61	53	157	164	164	92	63	84	
13	18	20	10	12	21	25	99	33	21	28	38	73	15	15	164	212	212	68	30	
12	15	20	11	15	25	20	35	22	59	29	33	55	39	26	92	212	108	108	95	
11	14	15	14	19	29	16	25	29	82	87	19	19	54	67	63	68	108	172	172	
10	11	12	11	14	15	12	15	15	20	22	15	20	22	36	84	30	95	172	172	
Ainitial_ranks:avg:54.9675 min:10 max:233
Cinitial_ranks:avg:54.9675 min:10 max:233
Cfinal_ranks:avg:125.328 min:18 max:497
nop_thread 1 55
66909742165 102805938363 81242361970 59561077710 66082587212 51980239517 60794610059 53793939474 43003698191 53612101124 66937381943 33486030823 47026481578 60463502902 59145505150 38145933511 53812182040 51983552105 45671360119 48298964021 61871300453 60152905381 67319299158 50299002891 79996619255 66898521065 56077434540 58586394153 76011826186 84059547236 81171465248 86407258854 84222398598 89617348902 71439339286 106075468024 96674663230 60247390524 95372396149 87245320906 112748327688 106194069874 91101737916 117398090031 108143100005 126213808170 102341036623 121038596316 134411098253 128396907866 149988645377 144966425071 122459847211 97874789999 97843633360 
		TOTFLOP		TOTGFLOP	GFLOP/S		TIME(s)
ReShg	4425623203776	4121.68	7.42973	554.756
  24000   24000   24000   554.756      0.00 +-   0.00  
./timing/time_zgemm_tile --m=24000 --n_range=24000:24000 --k=24000 --mb=1200 --nb=1200 --nowarmup --threads=55 --starshmaxrank=1200 --st-3D-exp --acc=3 --reorderinnerproducts=1
Profiling throught FxT has not been enabled in StarPU runtime (configure StarPU with --with-fxt)
/home/akbudak/hicma-dev/misc/compute/zproblem.c 246 Spatial Statistics Application with 3D Exp Kernel: beta:0.1 nu:0.5 noise:0.0005
#
# morse ./timing/time_zgemm_tile
# Nb threads:  55
# Nb GPUs:     0
# MB:          1200
# NB:          1200
# IB:          32
# eps:         1.110223e-16
# fixed rank:  0
# fixed acc:   1.0e-03
# alwaysfixedrank:      0
# wave_k:     0
# shmaxrk:     1200
# shprob:      8
# shdecay:     0.000000e+00
# reorder inner products:     1
#
#     M       N  K/NRHS   seconds   Gflop/s Deviation
<STARS_Problem at 0x109d300, name "Spatial Statistics example", shape (24000,24000), 'd' dtype, 'S' symmetric>
<STARS_Cluster at 0x1070d30, tiled, 20 blocks>
<STARSH_blrf at 0x10aa650, 'S' symmetric, 20 block rows, 20 block columns, 210 far-field blocks, 0 near-field blocks>
20 20
233	233	86	50	26	52	23	18	15	12	21	18	15	14	12	15	13	12	11	10	
233	230	230	71	47	92	47	31	24	17	78	37	22	20	16	21	18	15	14	11	
86	230	116	116	88	66	56	78	22	24	82	109	31	35	19	37	20	20	15	12	
50	71	116	220	220	53	18	15	75	29	21	13	12	24	16	15	10	11	14	11	
26	47	88	220	157	157	15	17	63	49	32	20	24	113	29	21	12	15	19	14	
52	92	66	53	157	182	182	57	64	91	31	27	18	94	34	32	21	25	29	15	
23	47	56	18	15	182	207	207	95	36	24	19	13	11	12	27	25	20	16	12	
18	31	78	15	17	57	207	68	68	81	32	33	17	16	12	108	99	35	25	15	
15	24	22	75	63	64	95	68	216	216	51	13	13	16	13	19	33	22	29	15	
12	17	24	29	49	91	36	81	216	135	135	15	12	29	21	27	21	59	82	20	
21	78	82	21	32	31	24	32	51	135	167	167	82	49	29	33	28	29	87	22	
18	37	109	13	20	27	19	33	13	15	167	204	204	70	33	109	38	33	19	15	
15	22	31	12	24	18	13	17	13	12	82	204	53	53	93	61	73	55	19	20	
14	20	35	24	113	94	11	16	16	29	49	70	53	214	214	53	15	39	54	22	
12	16	19	16	29	34	12	12	13	21	29	33	93	214	157	157	15	26	67	36	
15	21	37	15	21	32	27	108	19	27	33	109	61	53	157	164	164	92	63	84	
13	18	20	10	12	21	25	99	33	21	28	38	73	15	15	164	212	212	68	30	
12	15	20	11	15	25	20	35	22	59	29	33	55	39	26	92	212	108	108	95	
11	14	15	14	19	29	16	25	29	82	87	19	19	54	67	63	68	108	172	172	
10	11	12	11	14	15	12	15	15	20	22	15	20	22	36	84	30	95	172	172	
Ainitial_ranks:avg:54.9675 min:10 max:233
Cinitial_ranks:avg:54.9675 min:10 max:233
Cfinal_ranks:avg:126.73 min:19 max:502
nop_thread 1 55
83235621307 68368634505 62073105637 83430369298 75136061756 68768900040 48124648805 35454806271 37701064679 33257930141 42022828082 45273086355 45901630838 40912107416 53103543229 59543305521 48576568799 39321337314 37407051461 49960109808 62362846103 57815037780 59726076091 55921340216 61227171733 40411619883 52009411936 53044159154 70474145476 69527718213 70479347416 58560767395 64539979791 81801738700 66020083481 54636078572 48356041774 61723263224 82364016014 59007105618 56930498878 68096576229 77531514749 68587646863 71698811017 96554893088 107304312227 96220010549 96789469797 119862621107 98969773698 105549603644 131430964528 86859537345 78740337627 
		TOTFLOP		TOTGFLOP	GFLOP/S		TIME(s)
ReShg	3648707231178	3398.12	7.84086	433.386
  24000   24000   24000   433.386      0.00 +-   0.00  
