HOST    Label   PROB    KERNEL  ARCH    N   NB  NTHR    ACC STMXRK  GF/s    TCOMP   TCHOL   IAVG    IMAX    FAVG    FMAX
V100    CUSOLVER    0  0  NA  45000   NA  NA  NA  NA  6475.97 NA  4.7 NA  NA  NA  NA
V100    R-STATIC    2   sqexp   CUDA    44032   1024    1   1.00E-08    80  531.06  2.855   53.584  25.3    39  26.6    55
V100    R-STATIC    2   sqexp   CUDA    44800   1280    1   1.00E-08    80  919.5   2.78    32.596  27.5    45  29.8    61
V100    R-STATIC    2   sqexp   CUDA    44544   1536    1   1.00E-08    80  1424.16 2.941   20.687  29.6    47  34.1    65
V100    R-STATIC    2   sqexp   CUDA    44800   1792    1   1.00E-08    80  2009.84 2.511   14.913  31.7    51  37.2    72
V100    R-STATIC    2   sqexp   CUDA    43008   2048    1   1.00E-08    80  2779.3  2.867   9.541   34.4    55  41.6    72
V100    R-STATIC    2   sqexp   CUDA    43776   2304    1   1.00E-08    80  3249.65 2.907   8.605   36  57  43  79
V100    R-STATIC    2   sqexp   CUDA    44032   1024    1   1.00E-08    100 528.69  3.081   53.825  25.3    39  26.6    55
V100    R-STATIC    2   sqexp   CUDA    44800   1280    1   1.00E-08    100 912.15  3.045   32.858  27.5    45  29.8    61
V100    R-STATIC    2   sqexp   CUDA    44544   1536    1   1.00E-08    100 1424.16 3.176   20.686  29.6    47  34.1    65
V100    R-STATIC    2   sqexp   CUDA    44800   1792    1   1.00E-08    100 1956.24 2.872   15.321  31.7    51  37.2    71
V100    R-STATIC    2   sqexp   CUDA    43008   2048    1   1.00E-08    100 2737.3  2.827   9.687   34.4    55  41.6    72
V100    R-STATIC    2   sqexp   CUDA    43776   2304    1   1.00E-08    100 3285.14 2.903   8.512   36  57  43  80
V100    R-STATIC    2   sqexp   CUDA    43520   2560    1   1.00E-08    100 3995.66 3.055   6.876   38.6    61  47.6    82
V100    R-STATIC    2   sqexp   CUDA    42240   2816    1   1.00E-08    100 4770.19 2.978   5.266   39.8    63  49.4    86
V100    R-STATIC    2   sqexp   CUDA    43008   3072    1   1.00E-08    100 5412.7  3.048   4.899   42.1    65  52.3    91
V100    R-STATIC    2   sqexp   CUDA    43264   3328    1   1.00E-08    100 6052.05 2.605   4.46    44.9    64  56.2    92
V100    R-STATIC    2   sqexp   CUDA    43008   3584    1   1.00E-08    100 6433.86 3.311   4.121   45.4    73  56.3    102
V100    R-STATIC    2   sqexp   CUDA    40960   4096    1   1.00E-08    100 6608.62 3.497   3.466   50.4    69  62.4    100
V100    R-STATIC    2   sqexp   CUDA    43520   4352    1   1.00E-08    100 7886.51 3.815   3.484   50.6    70  63.1    101
V100    R-STATIC    2   sqexp   CUDA    40960   5120    1   1.00E-08    100 6991.98 4.009   3.276   52  80  64.4    102
V100    R-STATIC    2   sqexp   CUDA    48384   5376    1   1.00E-08    200 9367.41 5.34    4.031   56  87  71.7    116
V100    R-STATIC    2   sqexp   CUDA    45056   5632    1   1.00E-08    200 9234.88 4.921   3.301   52  80  66.2    108
V100    R-STATIC    2   sqexp   CUDA    47104   5888    1   1.00E-08    200 10006.05    5.964   3.482   50.6    80  64.6    110
V100    R-STATIC    2   sqexp   CUDA    49152   6144    1   1.00E-08    200 10023.4 6.17    3.949   51  80  65.2    109
V100    R-STATIC    2   sqexp   CUDA    51200   6400    1   1.00E-08    200 8910.4  6.562   5.021   52  80  66.6    110
V100    R-STATIC    2   sqexp   CUDA    46592   6656    1   1.00E-08    200 7238.93 5.931   4.657   64.3    92  81.5    125
V100    R-STATIC    2   sqexp   CUDA    48384   6912    1   1.00E-08    200 7656.54 6.071   4.931   64.5    92  81.9    126
V100    R-STATIC    2   sqexp   CUDA    50176   7168    1   1.00E-08    200 8450.5  6.723   4.983   64.3    92  81.7    124
V100    R-STATIC    2   sqexp   CUDA    51968   7424    1   1.00E-08    200 10356.64    7.6 4.517   64.5    92  82  125
V100    R-STATIC    2   sqexp   CUDA    46080   7680    1   1.00E-08    200 8488.94 5.172   3.842   70.6    108 87.4    141
V100    R-STATIC    2   sqexp   CUDA    47616   7936    1   1.00E-08    200 7948.23 5.793   4.528   70.7    108 87.4    141
V100    R-STATIC    2   sqexp   CUDA    49152   8192    1   1.00E-08    200 6995.87 5.643   5.658   69.8    105 86.9    140
V100    R-STATIC    2   sqexp   CUDA    45500   6500    1   1.00E-08    200 8007.46 4.94    3.921   64.1    92  81.1    124
V100    R-STATIC    2   sqexp   CUDA    45472   6496    1   1.00E-08    200 7808.06 5.099   4.014   64  92  81.1    122
V100    R-STATIC    2   sqexp   CUDA    44800   6400    1   1.00E-08    200 7741.58 4.984   3.872   64.3    92  81.3    125
V100    R-STATIC    2   sqexp   CUDA    45056   5632    1   1.00E-08    200 8688.4  4.491   3.509   52  80  66.2    108
V100    R-STATIC    2   sqexp   CUDA    47616   5952    1   1.00E-08    200 8703.59 4.804   4.135   52  80  66.2    109
V100    R-STATIC    2   sqexp   CUDA    45056   4096    1   1.00E-08    200 7343.6  4.157   4.152   48.7    76  61.6    105
V100    R-STATIC    2   sqexp   CUDA    47872   4352    1   1.00E-08    200 8445.2  4.619   4.33    48.9    77  61.9    104
V100    R-STATIC    2   sqexp   CUDA    46080   4608    1   1.00E-08    200 8486.37 5.053   3.843   50.6    70  63.2    100
V100    R-STATIC    2   sqexp   CUDA    48640   4864    1   1.00E-08    200 9722.36 5.405   3.945   50.5    70  63.6    100
V100    R-STATIC    2   sqexp   CUDA    46080   5120    1   1.00E-08    200 9804.98 4.533   3.326   55.8    86  71.3    114
V100    R-STATIC    2   sqexp   CUDA    48384   5376    1   1.00E-08    200 8959.43 5.039   4.214   56  87  71.7    116
V100    R-STATIC    2   sqexp   CUDA    45056   5632    1   1.00E-08    200 7586.16 4.964   4.019   52  80  66.2    108
V100    R-STATIC    2   sqexp   CUDA    47104   5888    1   1.00E-08    200 8986.5  5.165   3.877   50.6    80  64.6    110
V100    R-STATIC    2   sqexp   CUDA    49152   6144    1   1.00E-08    200 9482.37 6.311   4.174   51  80  65.2    109
V100    R-STATIC    2   exp CUDA    45056   4096    1   1.00E-08    1000    4170.61 13.845  7.31    99.7    377 115.4   416
V100    R-STATIC    2   exp CUDA    47872   4352    1   1.00E-08    1000    4849.14 15.103  7.542   102.1   393 117.7   432
V100    R-STATIC    2   exp CUDA    46080   4608    1   1.00E-08    1000    4665.53 16.067  6.991   104.3   333 118.4   379
V100    R-STATIC    2   exp CUDA    48640   4864    1   1.00E-08    1000    5400.04 16.751  7.103   106.2   343 120.3   392
V100    R-STATIC    2   exp CUDA    46080   5120    1   1.00E-08    1000    5034.2  13.82   6.479   125.3   444 143.3   482
V100    R-STATIC    2   exp CUDA    48384   5376    1   1.00E-08    1000    5399.92 13.939  6.992   127.9   463 145.9   504
V100    R-STATIC    2   exp CUDA    45056   5632    1   1.00E-08    1000    5876.9  14.372  5.188   115.5   333 129.8   371
V100    R-STATIC    2   exp CUDA    47104   5888    1   1.00E-08    1000    6854.01 16.112  5.083   112.8   335 125.7   368
V100    R-STATIC    2   exp CUDA    49152   6144    1   1.00E-08    1000    7001.66 17.107  5.653   114.1   329 127.3   363
