#Sat Oct 21 19:59:35 AST 2017 on 3 nodes
4316785
4316786
4316787
4316788
4316789
4316790
4316791
4316792
4316793
4316794
4316795
4316796
4316797
4316798
4316799
4316800
4316801
4316802
4316803
4316804
4316805
4316806
4316807
4316808
4316809
4316810
4316811
4316812
4316813
4316814
#Sat Oct 21 19:59:35 AST 2017 on 4 nodes
4316815
4316816
4316817
4316818
4316819
4316820
4316821
4316822
4316823
4316824
4316825
4316826
4316827
4316828
4316829
4316830
4316831
4316832
4316833
4316834
4316835
4316836
4316837
4316838
4316839
4316840
4316841
4316842
4316843
4316844
#Sat Oct 21 19:59:36 AST 2017 on 6 nodes
4316845
4316846
4316847
4316848
4316849
4316850
4316851
4316852
4316853
4316854
4316855
4316856
4316857
4316858
4316859
4316860
4316861
4316862
4316863
4316864
4316865
4316866
4316867
4316868
4316869
4316870
4316871
4316872
4316873
4316874
#Sat Oct 21 19:59:37 AST 2017 on 8 nodes
4316875
4316876
4316877
4316878
4316879
4316880
4316881
4316882
4316883
4316884
4316885
4316886
4316887
4316888
4316889
4316890
4316891
4316892
4316893
4316894
4316895
4316896
4316897
4316898
4316899
4316900
4316901
4316902
4316903
4316904
#Sat Oct 21 19:59:37 AST 2017 on 12 nodes
4316905
4316906
4316907
4316908
4316909
4316910
4316911
4316912
4316913
4316914
4316915
4316916
4316917
4316918
4316919
4316920
4316921
4316922
4316923
4316924
4316925
4316926
4316927
4316928
4316929
4316930
4316931
4316932
4316933
4316934
#Sat Oct 21 19:59:38 AST 2017 on 16 nodes
4316935
4316936
4316937
4316938
4316939
4316940
4316941
4316942
4316943
4316944
4316945
4316946
4316947
4316948
4316949
4316950
4316951
4316952
4316953
4316954
4316955
4316956
4316957
4316958
4316959
4316960
4316961
4316962
4316963
4316964
#Sat Oct 21 19:59:38 AST 2017 on 24 nodes
4316965
4316966
4316967
4316968
4316969
4316970
4316971
4316972
4316973
4316974
4316975
4316977
4316978
4316979
4316980
4316981
4316982
4316983
4316984
4316985
4316986
4316987
4316988
4316989
4316990
4316991
4316992
4316993
4316994
4316995
#Sat Oct 21 20:00:09 AST 2017 on 32 nodes
4316996
4316997
4316998
4316999
4317000
4317001
4317002
4317003
4317004
4317005
4317006
4317007
4317008
4317009
4317010
4317011
4317012
4317013
4317014
4317015
4317016
4317017
4317018
4317019
4317020
4317021
4317022
4317023
4317024
4317025
#Sat Oct 21 20:00:12 AST 2017 on 48 nodes
4317026
4317027
4317028
4317029
4317030
4317031
4317032
4317033
4317034
4317035
4317036
4317037
4317038
4317039
4317040
4317041
4317042
4317043
4317044
4317045
4317046
4317047
4317048
4317049
4317050
4317051
4317052
4317053
4317054
4317055
#Sat Oct 21 20:00:13 AST 2017 on 64 nodes
4317056
4317057
4317058
4317059
4317060
4317061
4317062
4317063
4317064
4317065
4317066
4317067
4317068
4317069
4317070
4317071
4317072
4317073
4317074
4317075
4317076
4317077
4317078
4317079
4317080
4317081
4317082
4317083
4317084
4317085
#Sat Oct 21 20:00:13 AST 2017 on 96 nodes
4317086
4317087
4317088
4317089
4317090
4317091
4317092
4317093
4317094
4317095
4317096
4317097
4317098
4317099
4317100
4317101
4317102
4317103
4317104
4317105
4317106
4317107
4317108
4317109
4317110
4317111
4317112
4317113
4317114
4317115
#Sat Oct 21 20:00:14 AST 2017 on 128 nodes
4317116
4317117
4317118
4317119
4317120
4317121
4317122
4317123
4317124
4317125
4317126
4317127
4317128
4317129
4317130
4317131
4317132
4317133
4317134
4317135
4317136
4317137
4317138
4317139
4317140
4317141
4317142
4317143
4317144
4317145
#Sat Oct 21 20:00:14 AST 2017 on 192 nodes
4317146
4317147
4317148
4317149
4317150
4317151
4317152
4317153
4317154
4317155
4317156
4317157
4317158
4317159
4317160
4317161
4317162
4317163
4317164
4317165
4317166
4317167
4317168
4317169
4317170
4317171
4317172
4317173
4317174
4317175
#Sat Oct 21 20:00:15 AST 2017 on 256 nodes
4317176
4317177
4317178
4317179
4317180
4317181
4317182
4317183
4317184
4317185
4317186
4317187
4317188
4317189
4317190
4317191
4317192
4317193
4317194
4317195
4317196
4317197
4317198
4317199
4317200
4317201
4317202
4317203
4317204
4317205
