#Sun Oct 22 09:48:52 AST 2017 on 16 nodes
4318203
4318204
4318205
4318206
4318207
4318208
4318209
4318210
4318211
4318212
4318213
4318214
4318215
4318216
4318217
4318218
4318219
4318220
4318221
4318222
4318223
4318224
4318225
4318226
4318227
4318228
4318229
4318230
4318231
4318232
4318233
4318234
4318235
4318236
4318237
4318238
4318239
4318240
4318241
4318242
4318243
4318244
4318245
4318246
4318247
4318248
4318249
4318250
4318251
4318252
4318253
4318254
4318255
4318256
4318257
4318258
4318259
4318260
4318261
4318262
4318263
4318264
4318265
4318266
4318267
4318268
4318269
4318270
4318271
4318272
4318273
4318274
4318275
4318276
4318277
4318278
4318279
4318280
4318281
4318282
4318283
4318284
4318285
4318286
4318287
4318288
4318289
4318290
4318291
4318292
4318293
4318294
4318295
4318296
4318297
4318298
4318299
4318300
4318301
4318302
4318303
4318304
4318305
4318306
4318307
4318308
4318309
4318310
4318311
4318312
4318313
4318314
4318315
4318316
4318317
4318318
4318319
4318320
4318321
4318322
4318323
4318324
4318325
4318326
4318327
4318328
4318329
4318330
4318331
4318332
4318333
4318334
4318335
4318336
4318337
4318338
4318339
4318340
4318341
4318342
4318343
4318344
4318345
4318346
4318347
4318348
4318349
4318350
4318351
4318352
4318353
4318354
4318355
4318356
4318357
4318358
4318359
4318360
4318361
4318362
4318363
4318364
4318365
4318366
4318367
4318368
4318369
4318370
4318371
4318372
4318373
4318374
4318375
4318376
4318377
4318378
4318379
4318380
4318381
4318382
4318383
4318384
4318385
4318386
4318387
4318388
4318389
4318390
4318391
4318392
4318393
4318394
4318395
4318396
4318397
4318398
4318399
4318400
4318401
4318402
4318403
4318404
4318405
4318406
4318407
4318408
4318409
4318410
4318411
4318412
4318413
4318414
4318415
4318416
4318417
4318418
4318419
4318420
4318421
4318422
4318423
4318424
4318425
4318426
4318427
4318428
4318429
4318430
4318431
4318432
4318433
4318434
4318435
4318436
4318437
4318438
4318439
4318440
4318441
4318442
4318443
4318444
4318445
4318446
4318447
4318448
4318449
4318450
4318451
4318452
4318453
4318454
4318455
4318456
4318457
4318458
4318459
4318460
4318462
4318463
4318464
4318465
4318466
4318467
4318468
4318469
4318470
4318471
4318472
4318473
4318474
4318475
4318476
4318477
4318478
4318479
4318480
4318481
4318482
4318483
4318484
4318485
4318486
4318487
4318488
4318489
4318490
4318491
4318492
4318493
4318494
4318495
4318496
4318497
4318498
4318499
4318500
4318501
4318502
4318503
4318504
4318505
4318506
4318507
4318508
4318509
4318510
4318511
4318512
4318513
4318514
4318515
4318516
4318517
4318518
4318519
4318520
4318521
4318522
4318523
4318524
4318525
4318526
4318527
4318528
4318529
4318530
4318531
4318532
4318533
4318534
4318535
4318536
4318537
4318538
4318539
4318540
4318541
4318542
4318543
4318544
4318545
4318546
4318547
4318548
4318549
4318550
4318551
4318552
4318553
4318554
4318555
4318556
4318557
4318558
4318559
4318560
4318561
4318562
4318563
4318564
4318565
4318566
4318567
4318568
4318569
4318570
4318571
4318572
4318573
4318574
4318575
4318576
4318577
4318578
4318579
4318580
4318581
4318582
4318583
4318584
4318585
4318586
4318587
4318588
4318589
4318590
4318591
4318592
4318593
4318594
4318595
4318596
4318597
4318598
4318599
4318600
4318601
4318602
4318603
4318604
4318605
4318606
4318607
4318608
4318609
4318610
4318611
4318612
4318613
4318614
4318615
4318616
4318617
4318618
4318619
4318620
4318621
4318622
4318623
4318624
4318625
4318626
4318627
4318628
4318629
4318630
4318631
4318632
4318633
4318634
4318635
4318636
4318637
4318638
4318639
4318640
4318641
4318642
4318643
4318644
4318645
4318646
4318647
4318648
4318649
4318650
4318651
4318652
4318653
4318654
4318655
4318656
4318657
4318658
4318659
4318660
4318661
4318662
4318663
4318664
4318665
4318666
4318667
4318668
4318669
4318670
4318671
4318672
4318673
4318674
4318675
4318676
4318677
4318678
4318679
