#Job for max/min sub:40960 30720 on 1024 nodes
4315061
4315062
#Job for max/min sub:20480 15360 on 512 nodes
4315067
4315068
#Job for max/min sub:10240 7680 on 256 nodes
4315072
4315073
4315074
#Job for max/min sub:640 480 on 16 nodes
4315162
4315163
4315164
4315165
4315166
4315167
4315168
4315169
4315170
4315171
4315172
4315173
4315174
4315175
4315176
4315177
4315178
4315179
4315180
4315181
4315182
4315183
4315184
4315185
4315186
4315187
4315188
4315189
#Job for max/min sub:1280 960 on 32 nodes
4315190
4315191
4315192
4315193
4315194
4315195
4315196
4315197
4315198
4315199
4315200
4315201
4315202
4315203
4315204
4315205
4315206
4315207
4315208
4315209
4315210
4315211
4315212
4315213
4315214
4315215
4315216
4315217
#Job for max/min sub:2560 1920 on 64 nodes
4315218
4315219
4315220
4315221
4315222
4315223
4315224
4315225
4315226
4315227
4315228
4315229
4315230
4315231
4315232
4315233
4315234
4315235
4315236
4315237
4315238
4315239
4315240
4315241
4315242
4315243
4315244
4315245
#Job for max/min sub:5120 3840 on 128 nodes
4315246
4315247
4315248
4315249
4315250
4315251
4315252
4315253
4315254
4315255
4315256
4315257
4315258
4315259
4315260
4315261
4315262
4315263
4315264
4315265
4315266
4315267
4315268
4315269
4315270
4315271
4315272
4315273
