#Number of nodes: 16 =============================
#Tue Apr 17 15:22:01 +03 2018 on 16 nodes. Hicma beta=0.01 --ss - big -  - 10:00:00 - 150  - hic - exp/cases/sqexp.sh "1 2 3 4 5 6 7 8 9 10 11 12 13 14 15 16 17 18 19 20 21 22 23 24 25 26 27 28" 28 (0-27-1)
#case ids:  1
5394492
5394493
5394494
5394495
5394496
5394497
#case ids:  2
5394498
5394499
5394500
5394501
5394502
5394503
#case ids:  3
5394504
5394505
5394506
5394507
5394508
5394509
#case ids:  4
5394510
5394511
5394512
5394513
5394514
5394515
#case ids:  5
5394516
5394517
5394518
5394519
5394520
5394521
#case ids:  6
5394522
5394523
5394524
5394525
5394526
5394527
#case ids:  7
5394528
5394529
5394530
5394531
5394532
5394533
#case ids:  8
5394534
5394535
5394536
5394537
5394538
5394539
#case ids:  9
5394540
5394541
5394542
5394543
5394544
5394545
#case ids:  10
5394546
5394547
5394548
5394549
5394550
5394551
#case ids:  11
5394552
5394553
5394554
5394555
5394556
5394557
#case ids:  12
5394558
5394559
5394560
5394561
5394562
5394563
#case ids:  13
5394564
5394565
5394566
5394567
5394568
5394569
#case ids:  14
5394570
5394571
5394572
5394573
5394574
5394575
#case ids:  15
5394576
5394577
5394578
5394579
5394580
5394581
#case ids:  16
5394582
5394583
5394584
5394585
5394586
5394587
#case ids:  17
5394588
5394589
5394590
5394591
5394592
5394593
#case ids:  18
5394594
5394595
5394596
5394597
5394598
5394599
#case ids:  19
5394600
5394601
5394602
5394603
5394604
5394605
#case ids:  20
5394606
5394607
5394608
5394609
5394610
5394611
#case ids:  21
5394612
5394613
5394614
5394615
5394616
5394617
#case ids:  22
5394618
5394619
5394620
5394621
5394622
5394623
#case ids:  23
5394624
5394625
5394626
5394627
5394628
5394629
#case ids:  24
5394630
5394631
5394632
5394633
5394634
5394635
#case ids:  25
5394636
5394637
5394638
5394639
5394640
5394641
#case ids:  26
5394642
5394643
5394644
5394645
5394646
5394647
#case ids:  27
5394648
5394649
5394650
5394651
5394652
5394653
#case ids:  28
5394654
5394655
5394656
5394657
5394658
5394659
#Number of nodes: 32 =============================
#Tue Apr 17 15:22:09 +03 2018 on 32 nodes. Hicma beta=0.01 --ss - big -  - 10:00:00 - 150  - hic - exp/cases/sqexp.sh "1 2 3 4 5 6 7 8 9 10 11 12 13 14 15 16 17 18 19 20 21 22 23 24 25 26 27 28" 28 (0-27-1)
#case ids:  1
5394660
5394661
5394662
5394663
5394664
5394665
#case ids:  2
5394666
5394667
5394668
5394669
5394670
5394671
#case ids:  3
5394672
5394673
5394674
5394675
5394676
5394677
#case ids:  4
5394678
5394679
5394680
5394681
5394682
5394683
#case ids:  5
5394684
5394685
5394686
5394687
5394688
5394689
#case ids:  6
5394690
5394691
5394692
5394693
5394694
5394695
#case ids:  7
5394696
5394697
5394698
5394699
5394700
5394701
#case ids:  8
5394702
5394703
5394704
5394705
5394706
5394707
#case ids:  9
5394708
5394709
5394710
5394711
5394712
5394713
#case ids:  10
5394714
5394715
5394716
5394717
5394718
5394719
#case ids:  11
5394720
5394721
5394722
5394723
5394724
5394725
#case ids:  12
5394726
5394727
5394728
5394729
5394730
5394731
#case ids:  13
5394732
5394733
5394734
5394735
5394736
5394737
#case ids:  14
5394738
5394739
5394740
5394741
5394742
5394743
#case ids:  15
5394744
5394745
5394746
5394747
5394748
5394749
#case ids:  16
5394750
5394751
5394752
5394753
5394754
5394755
#case ids:  17
5394756
5394757
5394758
5394759
5394760
5394761
#case ids:  18
5394762
5394763
5394764
5394765
5394766
5394767
#case ids:  19
5394768
5394769
5394770
5394771
5394772
5394773
#case ids:  20
5394774
5394775
5394776
5394777
5394778
5394779
#case ids:  21
5394780
5394781
5394782
5394783
5394784
5394785
#case ids:  22
5394786
5394787
5394788
5394789
5394790
5394791
#case ids:  23
5394792
5394793
5394794
5394795
5394796
5394797
#case ids:  24
5394798
5394799
5394800
5394801
5394802
5394803
#case ids:  25
5394804
5394805
5394806
5394807
5394808
5394809
#case ids:  26
5394810
5394811
5394812
5394813
5394814
5394815
#case ids:  27
5394816
5394817
5394818
5394819
5394820
5394821
#case ids:  28
5394822
5394823
5394824
5394825
5394826
5394827
#Number of nodes: 64 =============================
#Tue Apr 17 15:22:15 +03 2018 on 64 nodes. Hicma beta=0.01 --ss - big -  - 10:00:00 - 150  - hic - exp/cases/sqexp.sh "1 2 3 4 5 6 7 8 9 10 11 12 13 14 15 16 17 18 19 20 21 22 23 24 25 26 27 28" 28 (0-27-1)
#case ids:  1
5394828
5394829
5394830
5394831
5394832
5394833
#case ids:  2
5394834
5394835
5394836
5394837
5394838
5394839
#case ids:  3
5394840
5394841
5394842
5394843
5394844
5394845
#case ids:  4
5394846
5394847
5394848
5394849
5394850
5394851
#case ids:  5
5394852
5394853
5394854
5394855
5394856
5394857
#case ids:  6
5394858
5394859
5394860
5394861
5394862
5394863
#case ids:  7
5394864
5394865
5394866
5394867
5394868
5394869
#case ids:  8
5394870
5394871
5394872
5394873
5394874
5394875
#case ids:  9
5394876
5394877
5394878
5394879
5394880
5394881
#case ids:  10
5394882
5394883
5394884
5394885
5394886
5394887
#case ids:  11
5394888
5394889
5394890
5394891
5394892
5394893
#case ids:  12
5394894
5394895
5394896
5394897
5394898
5394899
#case ids:  13
5394900
5394901
5394902
5394903
5394904
5394905
#case ids:  14
5394906
5394907
5394908
5394909
5394910
5394911
#case ids:  15
5394912
5394913
5394914
5394915
5394916
5394917
#case ids:  16
5394918
5394919
5394920
5394921
5394922
5394923
#case ids:  17
5394924
5394925
5394926
5394927
5394928
5394929
#case ids:  18
5394930
5394931
5394932
5394933
5394934
5394935
#case ids:  19
5394936
5394937
5394938
5394939
5394940
5394941
#case ids:  20
5394942
5394943
5394944
5394945
5394946
5394947
#case ids:  21
5394948
5394949
5394950
5394951
5394952
5394953
#case ids:  22
5394954
5394955
5394956
5394957
5394958
5394959
#case ids:  23
5394960
5394961
5394962
5394963
5394964
5394965
#case ids:  24
5394966
5394967
5394968
5394969
5394970
5394971
#case ids:  25
5394972
5394973
5394974
5394975
5394976
5394977
#case ids:  26
5394978
5394979
5394980
5394981
5394982
5394983
#case ids:  27
5394984
5394985
5394986
5394987
5394988
5394989
#case ids:  28
5394990
5394991
5394992
5394993
5394994
5394995
#Number of nodes: 128 =============================
#Tue Apr 17 15:22:20 +03 2018 on 128 nodes. Hicma beta=0.01 --ss - big -  - 10:00:00 - 150  - hic - exp/cases/sqexp.sh "1 2 3 4 5 6 7 8 9 10 11 12 13 14 15 16 17 18 19 20 21 22 23 24 25 26 27 28" 28 (0-27-1)
#case ids:  1
5394996
5394997
5394998
5394999
5395000
5395001
#case ids:  2
5395002
5395003
5395004
5395005
5395006
5395007
#case ids:  3
5395008
5395009
5395010
5395011
5395012
5395013
#case ids:  4
5395014
5395015
5395016
5395017
5395018
5395019
#case ids:  5
5395020
5395021
5395022
5395023
5395024
5395025
#case ids:  6
5395026
5395027
5395028
5395029
5395030
5395031
#case ids:  7
5395032
5395033
5395034
5395035
5395036
5395037
#case ids:  8
5395038
5395039
5395040
5395041
5395042
5395043
#case ids:  9
5395044
5395045
5395046
5395047
5395048
5395049
#case ids:  10
5395050
5395051
5395052
5395053
5395054
5395055
#case ids:  11
5395056
5395057
5395058
5395059
5395060
5395061
#case ids:  12
5395062
5395063
5395064
5395065
5395066
5395067
#case ids:  13
5395068
5395069
5395070
5395071
5395072
5395073
#case ids:  14
5395074
5395075
5395076
5395077
5395078
5395079
#case ids:  15
5395080
5395081
5395082
5395083
5395084
5395085
#case ids:  16
5395086
5395087
5395088
5395089
5395090
5395091
#case ids:  17
5395092
5395093
5395094
5395095
5395096
5395097
#case ids:  18
5395098
5395099
5395100
5395101
5395102
5395103
#case ids:  19
5395104
5395105
5395106
5395107
5395108
5395109
#case ids:  20
5395110
5395111
5395112
5395113
5395114
5395115
#case ids:  21
5395116
5395117
5395118
5395119
5395120
5395121
#case ids:  22
5395122
5395123
5395124
5395125
5395126
5395127
#case ids:  23
5395128
5395129
5395130
5395131
5395132
5395133
#case ids:  24
5395134
5395135
5395136
5395137
5395138
5395139
#case ids:  25
5395140
5395141
5395142
5395143
5395144
5395145
#case ids:  26
5395146
5395147
5395148
5395149
5395150
5395151
#case ids:  27
5395152
5395153
5395154
5395155
5395156
5395157
#case ids:  28
5395158
5395159
5395160
5395161
5395162
5395163
#Number of nodes: 256 =============================
#Tue Apr 17 15:22:25 +03 2018 on 256 nodes. Hicma beta=0.01 --ss - big -  - 10:00:00 - 150  - hic - exp/cases/sqexp.sh "1 2 3 4 5 6 7 8 9 10 11 12 13 14 15 16 17 18 19 20 21 22 23 24 25 26 27 28" 28 (0-27-1)
#case ids:  1
5395164
5395165
5395166
5395167
5395168
5395169
#case ids:  2
5395170
5395171
5395172
5395173
5395174
5395175
#case ids:  3
5395176
5395177
5395178
5395179
5395180
5395181
#case ids:  4
5395182
5395183
5395184
5395185
5395186
5395187
#case ids:  5
5395188
5395189
5395190
5395191
5395192
5395193
#case ids:  6
5395194
5395195
5395196
5395197
5395198
5395199
#case ids:  7
5395200
5395201
5395202
5395203
5395204
5395205
#case ids:  8
5395206
5395207
5395208
5395209
5395210
5395211
#case ids:  9
5395212
5395213
5395214
5395215
5395216
5395217
#case ids:  10
5395218
5395219
5395220
5395221
5395222
5395223
#case ids:  11
5395224
5395225
5395226
5395227
5395228
5395229
#case ids:  12
5395230
5395231
5395232
5395233
5395234
5395235
#case ids:  13
5395236
5395237
5395238
5395239
5395240
5395241
#case ids:  14
5395242
5395243
5395244
5395245
5395246
5395247
#case ids:  15
5395248
5395249
5395250
5395251
5395252
5395253
#case ids:  16
5395254
5395255
5395256
5395257
5395258
5395259
#case ids:  17
5395260
5395261
5395262
5395263
5395264
5395265
#case ids:  18
5395266
5395267
5395268
5395269
5395270
5395271
#case ids:  19
5395272
5395273
5395274
5395275
5395276
5395277
#case ids:  20
5395278
5395279
5395280
5395281
5395282
5395283
#case ids:  21
5395284
5395285
5395286
5395287
5395288
5395289
#case ids:  22
5395290
5395291
5395292
5395293
5395294
5395295
#case ids:  23
5395296
5395297
5395298
5395299
5395300
5395301
#case ids:  24
5395302
5395303
5395304
5395305
5395306
5395307
#case ids:  25
5395308
5395309
5395310
5395311
5395312
5395313
#case ids:  26
5395314
5395315
5395316
5395317
5395318
5395319
#case ids:  27
5395320
5395321
5395322
5395323
5395324
5395325
#case ids:  28
5395326
5395327
5395328
5395329
5395330
5395331
#Number of nodes: 512 =============================
#Tue Apr 17 15:22:37 +03 2018 on 512 nodes. Hicma beta=0.01 --ss - big -  - 10:00:00 - 150  - hic - exp/cases/sqexp.sh "1 2 3 4 5 6 7 8 9 10 11 12 13 14 15 16 17 18 19 20 21 22 23 24 25 26 27 28" 28 (0-27-1)
#case ids:  1
5395332
5395333
5395334
5395335
5395336
5395337
#case ids:  2
5395338
5395339
5395340
5395341
5395342
5395343
#case ids:  3
5395344
5395345
5395346
5395347
5395348
5395349
#case ids:  4
5395350
5395351
5395352
5395353
5395354
5395355
#case ids:  5
5395356
5395357
5395358
5395359
5395360
5395361
#case ids:  6
5395362
5395363
5395364
5395365
5395366
5395367
#case ids:  7
5395368
5395369
5395370
5395371
5395372
5395373
#case ids:  8
5395374
5395375
5395376
5395377
5395378
5395379
#case ids:  9
5395380
5395381
5395382
5395383
5395384
5395385
#case ids:  10
5395386
5395387
5395388
5395389
5395390
5395391
#case ids:  11
5395392
5395393
5395394
5395395
5395396
5395397
#case ids:  12
5395398
5395399
5395400
5395401
5395402
5395403
#case ids:  13
5395404
5395405
5395406
5395407
5395408
5395409
#case ids:  14
5395410
5395411
5395412
5395413
5395414
5395415
#case ids:  15
5395416
5395417
5395418
5395419
5395420
5395421
#case ids:  16
5395422
5395423
5395424
5395425
5395426
5395427
#case ids:  17
5395428
5395429
5395430
5395431
5395432
5395433
#case ids:  18
5395434
5395435
5395436
5395437
5395438
5395439
#case ids:  19
5395440
5395441
5395442
5395443
5395444
5395445
#case ids:  20
5395446
5395447
5395448
5395449
5395450
5395451
#case ids:  21
5395452
5395453
5395454
5395455
5395456
5395457
#case ids:  22
5395458
5395459
5395460
5395461
5395462
5395463
#case ids:  23
5395464
5395465
5395466
5395467
5395468
5395469
#case ids:  24
5395470
5395471
5395472
5395473
5395474
5395475
#case ids:  25
5395476
5395477
5395478
5395479
5395480
5395481
#case ids:  26
5395482
5395483
5395484
5395485
5395486
5395487
#case ids:  27
5395488
5395489
5395490
5395491
5395492
5395493
#case ids:  28
5395494
5395495
5395496
5395497
5395498
5395499
#Number of nodes: 1024 =============================
#Tue Apr 17 15:22:42 +03 2018 on 1024 nodes. Hicma beta=0.01 --ss - big -  - 10:00:00 - 150  - hic - exp/cases/sqexp.sh "1 2 3 4 5 6 7 8 9 10 11 12 13 14 15 16 17 18 19 20 21 22 23 24 25 26 27 28" 28 (0-27-1)
#case ids:  1
5395500
5395501
5395502
5395503
5395504
5395505
#case ids:  2
5395506
5395507
5395508
5395509
5395510
5395511
#case ids:  3
5395512
5395513
5395514
5395515
5395516
5395517
#case ids:  4
5395518
5395519
5395520
5395521
5395522
5395523
#case ids:  5
5395524
5395525
5395526
5395527
5395528
5395529
#case ids:  6
5395530
5395531
5395532
5395533
5395534
5395535
#case ids:  7
5395536
5395537
5395538
5395539
5395540
5395541
#case ids:  8
5395542
5395543
5395544
5395545
5395546
5395547
#case ids:  9
5395548
5395549
5395550
5395551
5395552
5395553
#case ids:  10
5395554
5395555
5395556
5395557
5395558
5395559
#case ids:  11
5395560
5395561
5395562
5395563
5395564
5395565
#case ids:  12
5395566
5395567
5395568
5395569
5395570
5395571
#case ids:  13
5395572
5395573
5395574
5395575
5395576
5395577
#case ids:  14
5395578
5395579
5395580
5395581
5395582
5395583
#case ids:  15
5395584
5395585
5395586
5395587
5395588
5395589
#case ids:  16
5395590
5395591
5395592
5395593
5395594
5395595
#case ids:  17
5395596
5395597
5395598
5395599
5395600
5395601
#case ids:  18
5395602
5395603
5395604
5395605
5395606
5395607
#case ids:  19
5395608
5395609
5395610
5395611
5395612
5395613
#case ids:  20
5395614
5395615
5395616
5395617
5395618
5395619
#case ids:  21
5395620
5395621
5395622
5395623
5395624
5395625
#case ids:  22
5395626
5395627
5395628
5395629
5395630
5395631
#case ids:  23
5395632
5395633
5395634
5395635
5395636
5395637
#case ids:  24
5395638
5395639
5395640
5395641
5395642
5395643
#case ids:  25
5395644
5395645
5395646
5395647
5395648
5395649
#case ids:  26
5395650
5395651
5395652
5395653
5395654
5395655
#case ids:  27
5395656
5395657
5395658
5395659
5395660
5395661
#case ids:  28
5395662
5395663
5395664
5395665
5395666
5395667
