#Number of nodes: 1 =============================
# 
#Tue Oct 22 02:18:49 +03 2019 on 1 nodes. Hicma beta=0.01 --ss -  -  - 10:00:00 -   - hic - ./exp/cases/lu-vul-ka.sh "5" 1 (0-0-1)
#case ids:  5
vulture
numactl --interleave=all

Experiment case:5 nrows:73728 mb:2304
!BEGIN: M:73728 N:73728 MB:2304 NB:2304 MAXRANK:2304 DATE:Tue Oct 22 02:18:49 +03 2019 SCHED:prio CMD:/home/akbudak/hicma-dev/build/timing/time_zgetrf_tile --m=73728 --n_range=73728:73728 --k=73728 --mb=2304 --nb=2304 --nowarmup --threads=40 --p=1 --rk=0 --acc=1 --ss --starshwavek=0 --starshdecay=0 --starshmaxrank=3456 --ntrian=12288 --nipp=6 --isPrecent=0 --solve=0 MAXSUB:50 MINSUB:40 CASE:/home/akbudak/hicma-dev/./exp/cases/lu-vul-ka.sh
#
# morse /home/akbudak/hicma-dev/build/timing/time_zgetrf_tile
# Nb threads:  40
# Nb GPUs:     0
# MB:          2304
# NB:          2304
# IB:          32
# eps:         1.110223e-16
# fixed rank:  0
# fixed acc:   1.0e-01
# alwaysfixedrank:      0
# wave_k:     0
# shmaxrk:     3456
# shprob:      2
# shdecay:     0.000000e+00
# reorder inner products:     0
# nipp:			    6
# ntrian:      12288
#
#     M       N  K/NRHS   seconds   Gflop/s Deviation

 ************************I am in complex part ************************

 nip:6 , ntrian:12288 N:73728, NB:2304

 global_nt:32 local_nt:384 N:73728 NB:2304 
 nipp =            6
 read inmom is done!
 read curve file is done!
 number of triangles:       12288
 NUMBER OF UNKNOWNS:       73728
 the whole program is done!
 NUMBER OF UNKNOWNS:       73728
Tcompress:1403.86
32 32
0	41	66	4	24	2	1	1	3	1	1	1	18	19	1	4	1	1	1	1	1	1	1	1	1	1	1	1	1	1	1	1	
29	0	49	25	25	3	3	1	1	2	2	1	2	3	2	35	1	32	4	2	1	2	2	2	1	2	1	1	1	2	1	4	
34	35	0	33	1	2	1	1	1	2	1	1	1	3	1	5	1	4	3	4	1	1	1	1	1	1	1	1	1	2	1	1	
5	23	8	0	4	37	4	1	1	1	1	1	1	1	1	1	1	2	3	32	1	3	1	1	1	1	1	1	1	1	1	1	
18	19	1	4	0	41	66	4	24	2	1	1	3	1	1	1	1	1	1	1	1	1	1	1	1	1	1	1	1	1	1	1	
2	3	2	35	29	0	49	25	25	3	3	1	1	2	2	1	1	2	1	4	1	32	4	2	1	2	2	2	1	2	1	1	
1	3	1	5	34	35	0	33	1	2	1	1	1	2	1	1	1	2	1	1	1	4	3	4	1	1	1	1	1	1	1	1	
1	1	1	1	5	23	8	0	4	37	4	1	1	1	1	1	1	1	1	1	1	2	3	32	1	3	1	1	1	1	1	1	
3	1	1	1	18	19	1	4	0	41	66	4	24	2	1	1	1	1	1	1	1	1	1	1	1	1	1	1	1	1	1	1	
1	2	2	1	2	3	2	35	29	0	49	25	25	3	3	1	1	2	1	1	1	2	1	4	1	32	4	2	1	2	2	2	
1	2	1	1	1	3	1	5	34	35	0	33	1	2	1	1	1	1	1	1	1	2	1	1	1	4	3	4	1	1	1	1	
1	1	1	1	1	1	1	1	5	23	8	0	4	37	4	1	1	1	1	1	1	1	1	1	1	2	3	32	1	3	1	1	
24	2	1	1	3	1	1	1	18	19	1	4	0	41	66	4	1	1	1	1	1	1	1	1	1	1	1	1	1	1	1	1	
25	3	3	1	1	2	2	1	2	3	2	35	29	0	49	25	1	2	2	2	1	2	1	1	1	2	1	4	1	32	4	2	
1	2	1	1	1	2	1	1	1	3	1	5	34	35	0	33	1	1	1	1	1	1	1	1	1	2	1	1	1	4	3	4	
4	37	4	1	1	1	1	1	1	1	1	1	5	23	8	0	1	3	1	1	1	1	1	1	1	1	1	1	1	2	3	32	
1	1	1	1	1	1	1	1	1	1	1	1	1	1	1	1	0	41	66	4	24	2	1	1	3	1	1	1	18	19	1	4	
1	32	4	2	1	2	2	2	1	2	1	1	1	2	1	4	29	0	49	25	25	3	3	1	1	2	2	1	2	3	2	35	
1	4	3	4	1	1	1	1	1	1	1	1	1	2	1	1	34	35	0	33	1	2	1	1	1	2	1	1	1	3	1	5	
1	2	3	32	1	3	1	1	1	1	1	1	1	1	1	1	5	23	8	0	4	37	4	1	1	1	1	1	1	1	1	1	
1	1	1	1	1	1	1	1	1	1	1	1	1	1	1	1	18	19	1	4	0	41	66	4	24	2	1	1	3	1	1	1	
1	2	1	4	1	32	4	2	1	2	2	2	1	2	1	1	2	3	2	35	29	0	49	25	25	3	3	1	1	2	2	1	
1	2	1	1	1	4	3	4	1	1	1	1	1	1	1	1	1	3	1	5	34	35	0	33	1	2	1	1	1	2	1	1	
1	1	1	1	1	2	3	32	1	3	1	1	1	1	1	1	1	1	1	1	5	23	8	0	4	37	4	1	1	1	1	1	
1	1	1	1	1	1	1	1	1	1	1	1	1	1	1	1	3	1	1	1	18	19	1	4	0	41	66	4	24	2	1	1	
1	2	1	1	1	2	1	4	1	32	4	2	1	2	2	2	1	2	2	1	2	3	2	35	29	0	49	25	25	3	3	1	
1	1	1	1	1	2	1	1	1	4	3	4	1	1	1	1	1	2	1	1	1	3	1	5	34	35	0	33	1	2	1	1	
1	1	1	1	1	1	1	1	1	2	3	32	1	3	1	1	1	1	1	1	1	1	1	1	5	23	8	0	4	37	4	1	
1	1	1	1	1	1	1	1	1	1	1	1	1	1	1	1	24	2	1	1	3	1	1	1	18	19	1	4	0	41	66	4	
1	2	2	2	1	2	1	1	1	2	1	4	1	32	4	2	25	3	3	1	1	2	2	1	2	3	2	35	29	0	49	25	
1	1	1	1	1	1	1	1	1	2	1	1	1	4	3	4	1	2	1	1	1	2	1	1	1	3	1	5	34	35	0	33	
1	3	1	1	1	1	1	1	1	1	1	1	1	2	3	32	4	37	4	1	1	1	1	1	1	1	1	1	5	23	8	0	
initial_ranks:avg:5.91935 min:1 max:66
32 32
0	41	66	4	24	2	1	1	3	1	1	1	18	19	1	4	1	1	1	1	1	1	1	1	1	1	1	1	1	1	1	1	
29	0	49	25	26	3	3	1	2	2	2	1	3	3	2	35	1	33	4	2	1	2	2	2	1	2	1	1	1	2	1	4	
34	36	0	34	2	2	1	1	2	2	1	1	2	4	1	5	1	4	3	4	1	1	1	1	1	1	1	1	1	2	1	1	
5	23	9	0	5	37	4	1	1	1	1	1	1	1	1	1	1	2	3	33	1	3	1	1	1	1	1	1	1	1	1	1	
18	19	1	4	0	41	66	4	24	2	1	1	4	1	1	1	1	1	1	1	1	1	1	1	1	1	1	1	1	1	1	1	
2	3	2	35	30	0	49	25	26	3	3	1	1	2	2	1	1	2	1	4	1	33	4	2	1	2	2	2	1	2	1	1	
1	3	1	5	35	36	0	34	2	2	1	1	2	2	1	1	1	2	1	1	1	4	3	4	1	2	1	1	1	1	1	1	
1	1	1	1	6	23	10	0	5	37	4	1	1	1	1	1	1	1	1	1	1	2	3	33	1	3	1	1	1	1	1	1	
3	1	1	1	19	19	1	4	0	41	66	4	24	2	1	1	1	1	1	1	1	1	1	1	1	1	1	1	1	1	1	1	
1	2	2	1	3	3	2	35	30	0	49	25	26	3	3	1	1	2	1	1	1	2	2	4	1	34	4	2	1	2	2	2	
1	2	1	1	2	3	1	5	36	36	0	34	2	2	1	1	1	1	1	1	1	2	1	1	1	4	3	4	1	2	1	1	
1	1	1	1	2	1	1	1	6	23	10	0	5	37	4	1	1	1	1	1	1	2	1	1	1	2	3	34	1	3	1	1	
24	2	1	1	4	1	1	1	19	19	1	4	0	41	66	4	1	1	1	1	1	1	1	1	1	1	1	1	1	2	1	1	
25	3	3	1	2	2	2	1	3	3	2	35	31	0	49	25	1	2	2	2	1	2	1	1	1	2	2	4	2	34	4	2	
1	2	1	1	2	2	1	1	2	3	1	5	36	36	0	34	1	2	1	1	1	1	1	1	1	2	1	1	1	4	3	4	
4	37	4	1	2	1	1	1	2	1	1	1	6	23	10	0	1	3	1	1	1	1	1	1	1	1	1	1	1	2	3	34	
1	1	1	1	2	1	1	1	2	1	1	1	2	1	1	1	0	41	66	4	24	2	1	1	3	1	1	1	18	19	1	4	
1	33	6	2	2	2	2	2	2	2	1	1	2	2	2	6	29	0	50	26	27	3	3	2	1	2	2	1	3	3	2	36	
1	4	3	4	2	1	1	1	2	1	1	1	2	2	1	1	35	36	0	34	1	2	1	1	1	2	1	1	1	3	1	5	
1	2	3	33	2	3	1	1	2	1	1	1	2	1	1	1	5	24	10	0	5	37	4	1	1	1	1	1	1	1	1	1	
1	1	1	1	2	1	1	1	2	1	1	1	2	1	1	1	18	19	1	4	0	41	66	4	24	2	1	1	3	1	1	1	
1	2	1	4	2	33	6	2	2	2	2	2	3	2	1	1	2	3	2	36	29	0	50	26	27	3	3	2	2	2	2	2	
1	2	1	1	2	4	3	4	2	2	1	1	2	1	1	1	1	3	1	5	35	36	0	34	1	2	1	1	1	2	1	1	
1	1	1	1	2	2	3	33	2	3	1	1	2	1	1	1	1	2	1	1	5	24	10	0	5	37	4	1	1	1	1	1	
1	1	1	1	2	1	1	1	2	1	1	1	2	1	1	1	3	1	1	1	18	19	1	4	0	41	66	4	24	2	1	1	
1	2	1	1	2	2	2	4	2	34	6	2	2	2	2	2	1	2	2	1	2	3	2	36	29	0	50	26	27	3	3	1	
1	1	1	1	2	2	1	1	2	4	3	4	2	2	1	1	1	2	1	1	1	3	1	5	35	36	0	34	1	2	1	1	
1	1	1	1	2	1	1	1	2	2	3	33	2	3	1	1	1	1	1	1	1	2	1	1	5	24	10	0	5	37	4	1	
1	1	1	1	2	1	1	1	2	1	1	1	2	2	1	1	24	2	1	1	3	1	1	1	18	19	1	4	0	41	66	4	
1	2	2	2	2	2	1	1	2	2	2	4	3	34	6	2	25	3	3	1	1	2	2	1	2	3	2	36	29	0	50	26	
1	1	1	1	2	1	1	1	2	2	1	1	2	4	3	4	1	2	1	1	1	2	1	1	1	3	1	5	35	36	0	34	
1	3	1	1	2	1	1	1	2	1	1	1	2	2	3	33	4	37	4	1	1	2	1	1	1	1	1	1	5	24	10	0	
final_ranks:avg:6.125 min:1 max:66
  73728   73728   73728    35.787      0.00 +-   0.00  

!END: M:73728 N:73728 MB:2304 NB:2304 MAXRANK:2304 DATE:Tue Oct 22 02:18:49 +03 2019 SCHED:prio CMD:/home/akbudak/hicma-dev/build/timing/time_zgetrf_tile --m=73728 --n_range=73728:73728 --k=73728 --mb=2304 --nb=2304 --nowarmup --threads=40 --p=1 --rk=0 --acc=1 --ss --starshwavek=0 --starshdecay=0 --starshmaxrank=3456 --ntrian=12288 --nipp=6 --isPrecent=0 --solve=0 MAXSUB:50 MINSUB:40 CASE:/home/akbudak/hicma-dev/./exp/cases/lu-vul-ka.sh SECOND:1740 MINUTE:29 HOUR:0
Tue Oct 22 02:47:50 +03 2019

!BEGIN: M:73728 N:73728 MB:2304 NB:2304 MAXRANK:2304 DATE:Tue Oct 22 02:47:50 +03 2019 SCHED:prio CMD:/home/akbudak/hicma-dev/build/timing/time_zgetrf_tile --m=73728 --n_range=73728:73728 --k=73728 --mb=2304 --nb=2304 --nowarmup --threads=40 --p=1 --rk=0 --acc=2 --ss --starshwavek=0 --starshdecay=0 --starshmaxrank=3456 --ntrian=12288 --nipp=6 --isPrecent=0 --solve=0 MAXSUB:50 MINSUB:40 CASE:/home/akbudak/hicma-dev/./exp/cases/lu-vul-ka.sh
#
# morse /home/akbudak/hicma-dev/build/timing/time_zgetrf_tile
# Nb threads:  40
# Nb GPUs:     0
# MB:          2304
# NB:          2304
# IB:          32
# eps:         1.110223e-16
# fixed rank:  0
# fixed acc:   1.0e-02
# alwaysfixedrank:      0
# wave_k:     0
# shmaxrk:     3456
# shprob:      2
# shdecay:     0.000000e+00
# reorder inner products:     0
# nipp:			    6
# ntrian:      12288
#
#     M       N  K/NRHS   seconds   Gflop/s Deviation

 ************************I am in complex part ************************

 nip:6 , ntrian:12288 N:73728, NB:2304

 global_nt:32 local_nt:384 N:73728 NB:2304 
 nipp =            6
 read inmom is done!
 read curve file is done!
 number of triangles:       12288
 NUMBER OF UNKNOWNS:       73728
 the whole program is done!
 NUMBER OF UNKNOWNS:       73728
Tcompress:1396.88
32 32
0	179	189	65	163	16	5	3	66	3	3	3	158	119	7	65	3	3	3	3	3	3	3	3	3	3	3	3	3	3	3	3	
82	0	276	101	122	37	47	3	4	3	3	3	17	37	7	197	3	53	45	15	3	3	3	3	3	3	3	3	3	3	3	51	
79	208	0	136	7	7	5	3	3	3	3	3	5	47	5	74	3	45	31	42	3	3	3	3	3	3	3	3	3	3	3	3	
64	44	41	0	61	194	67	3	3	3	3	3	3	3	3	3	3	16	46	53	3	51	3	3	3	3	3	3	3	3	3	3	
158	119	7	65	0	179	189	65	163	16	5	3	66	3	3	3	3	3	3	3	3	3	3	3	3	3	3	3	3	3	3	3	
17	37	7	197	82	0	276	101	122	37	47	3	4	3	3	3	3	3	3	51	3	53	45	15	3	3	3	3	3	3	3	3	
5	47	5	74	79	208	0	136	7	7	5	3	3	3	3	3	3	3	3	3	3	45	31	42	3	3	3	3	3	3	3	3	
3	3	3	3	64	44	41	0	61	194	67	3	3	3	3	3	3	3	3	3	3	16	46	53	3	51	3	3	3	3	3	3	
66	3	3	3	158	119	7	65	0	179	189	65	163	16	5	3	3	3	3	3	3	3	3	3	3	3	3	3	3	3	3	3	
4	3	3	3	17	37	7	197	82	0	276	101	122	37	47	3	3	3	3	3	3	3	3	51	3	53	45	15	3	3	3	3	
3	3	3	3	5	47	5	74	79	208	0	136	7	7	5	3	3	3	3	3	3	3	3	3	3	45	31	42	3	3	3	3	
3	3	3	3	3	3	3	3	64	44	41	0	61	194	67	3	3	3	3	3	3	3	3	3	3	16	46	53	3	51	3	3	
163	16	5	3	66	3	3	3	158	119	7	65	0	179	189	65	3	3	3	3	3	3	3	3	3	3	3	3	3	3	3	3	
122	37	47	3	4	3	3	3	17	37	7	197	82	0	276	101	3	3	3	3	3	3	3	3	3	3	3	51	3	53	45	15	
7	7	5	3	3	3	3	3	5	47	5	74	79	208	0	136	3	3	3	3	3	3	3	3	3	3	3	3	3	45	31	42	
61	194	67	3	3	3	3	3	3	3	3	3	64	44	41	0	3	51	3	3	3	3	3	3	3	3	3	3	3	16	46	53	
3	3	3	3	3	3	3	3	3	3	3	3	3	3	3	3	0	179	189	65	163	16	5	3	66	3	3	3	158	119	7	65	
3	53	45	15	3	3	3	3	3	3	3	3	3	3	3	51	82	0	276	101	122	37	47	3	4	3	3	3	17	37	7	197	
3	45	31	42	3	3	3	3	3	3	3	3	3	3	3	3	79	208	0	136	7	7	5	3	3	3	3	3	5	47	5	74	
3	16	46	53	3	51	3	3	3	3	3	3	3	3	3	3	64	44	41	0	61	194	67	3	3	3	3	3	3	3	3	3	
3	3	3	3	3	3	3	3	3	3	3	3	3	3	3	3	158	119	7	65	0	179	189	65	163	16	5	3	66	3	3	3	
3	3	3	51	3	53	45	15	3	3	3	3	3	3	3	3	17	37	7	197	82	0	276	101	122	37	47	3	4	3	3	3	
3	3	3	3	3	45	31	42	3	3	3	3	3	3	3	3	5	47	5	74	79	208	0	136	7	7	5	3	3	3	3	3	
3	3	3	3	3	16	46	53	3	51	3	3	3	3	3	3	3	3	3	3	64	44	41	0	61	194	67	3	3	3	3	3	
3	3	3	3	3	3	3	3	3	3	3	3	3	3	3	3	66	3	3	3	158	119	7	65	0	179	189	65	163	16	5	3	
3	3	3	3	3	3	3	51	3	53	45	15	3	3	3	3	4	3	3	3	17	37	7	197	82	0	276	101	122	37	47	3	
3	3	3	3	3	3	3	3	3	45	31	42	3	3	3	3	3	3	3	3	5	47	5	74	79	208	0	136	7	7	5	3	
3	3	3	3	3	3	3	3	3	16	46	53	3	51	3	3	3	3	3	3	3	3	3	3	64	44	41	0	61	194	67	3	
3	3	3	3	3	3	3	3	3	3	3	3	3	3	3	3	163	16	5	3	66	3	3	3	158	119	7	65	0	179	189	65	
3	3	3	3	3	3	3	3	3	3	3	51	3	53	45	15	122	37	47	3	4	3	3	3	17	37	7	197	82	0	276	101	
3	3	3	3	3	3	3	3	3	3	3	3	3	45	31	42	7	7	5	3	3	3	3	3	5	47	5	74	79	208	0	136	
3	51	3	3	3	3	3	3	3	3	3	3	3	16	46	53	61	194	67	3	3	3	3	3	3	3	3	3	64	44	41	0	
initial_ranks:avg:29.6452 min:3 max:276
32 32
0	179	189	65	163	16	5	3	66	3	3	3	158	119	7	65	3	3	3	3	3	3	3	3	3	3	3	3	3	3	3	3	
82	0	276	101	124	37	47	3	5	3	3	3	18	37	7	197	3	53	45	15	3	3	3	3	3	3	3	3	3	3	3	51	
79	210	0	138	8	7	5	3	4	3	3	3	6	48	5	74	3	45	31	42	3	3	3	3	3	3	3	3	3	3	3	3	
64	44	47	0	63	194	67	3	3	3	3	3	3	3	3	3	3	16	46	55	3	51	3	3	3	3	3	3	3	3	3	3	
158	120	7	65	0	180	189	65	164	16	5	3	67	4	3	3	3	3	3	3	3	3	3	3	3	3	3	3	3	3	3	3	
17	37	7	197	83	0	276	101	124	37	47	3	6	3	3	3	3	3	3	51	3	54	45	15	3	3	3	3	3	3	3	3	
5	47	5	74	81	210	0	138	8	7	5	3	4	3	3	3	3	3	3	3	3	45	31	42	3	3	3	3	3	3	3	3	
3	3	3	3	65	44	47	0	63	194	67	3	3	3	3	3	3	3	3	3	3	16	46	55	3	51	4	3	3	3	3	3	
66	4	3	3	159	120	7	65	0	180	189	65	164	16	5	3	3	3	3	3	3	3	3	3	3	3	3	3	3	3	3	3	
4	3	3	3	18	37	7	197	83	0	276	101	124	37	47	3	3	3	3	3	3	3	3	51	3	54	45	15	3	4	3	3	
3	3	3	3	6	47	5	74	82	210	0	138	8	7	5	3	3	3	3	3	3	3	3	4	3	45	31	42	3	3	3	3	
3	3	3	3	4	3	3	3	65	44	47	0	63	194	67	3	3	3	3	3	3	3	3	3	3	16	46	56	3	51	3	3	
163	17	5	3	67	4	3	3	159	120	7	65	0	180	189	65	3	3	3	3	3	3	3	3	3	3	3	3	3	3	3	3	
122	37	47	3	6	3	3	3	18	37	7	197	84	0	276	101	3	4	3	3	3	3	3	3	3	4	3	51	3	54	45	15	
7	7	5	3	4	3	3	3	6	47	5	74	82	210	0	138	3	3	3	3	3	3	3	3	3	3	3	4	3	45	31	42	
61	194	67	3	4	3	3	3	4	3	3	3	65	44	47	0	3	51	3	3	3	3	3	3	3	3	3	3	3	16	46	56	
3	3	3	3	3	3	3	3	3	3	3	3	3	3	3	3	0	179	189	65	163	16	6	3	66	4	3	3	158	119	7	65	
3	53	50	16	4	3	3	3	4	3	3	3	4	4	3	53	82	0	279	105	126	39	47	4	8	4	4	3	21	37	8	197	
3	45	31	42	4	3	3	3	3	3	3	3	3	3	3	4	80	211	0	138	7	7	5	3	3	4	3	3	5	48	5	75	
3	16	46	54	4	51	3	3	4	3	3	3	4	3	3	3	64	46	50	0	64	194	67	3	3	3	4	3	3	4	3	4	
3	3	3	3	3	3	3	3	3	3	3	3	3	3	3	3	158	119	7	65	0	179	189	65	163	16	6	3	66	4	3	3	
3	3	3	51	4	54	50	16	4	3	3	3	4	3	3	3	17	37	7	197	82	0	279	105	126	39	47	4	8	4	3	3	
3	3	3	3	4	45	31	42	4	3	3	3	3	3	3	3	5	47	5	74	81	211	0	138	7	7	5	3	4	4	3	3	
3	3	3	3	4	16	46	55	4	51	3	3	4	3	3	3	3	4	3	4	64	46	50	0	64	194	67	3	3	3	3	3	
3	3	3	3	3	3	3	3	3	3	3	3	3	3	3	3	66	4	3	3	158	119	7	65	0	179	189	65	163	16	6	3	
3	3	3	3	4	3	3	51	4	54	50	16	4	4	4	3	4	4	4	4	17	37	7	197	82	0	279	105	126	39	47	4	
3	3	3	3	3	3	3	4	4	45	31	42	4	3	3	3	3	4	3	4	6	47	5	74	80	211	0	138	7	7	5	3	
3	3	3	3	4	3	3	3	4	16	46	55	4	51	3	3	3	3	3	3	3	4	3	3	64	46	50	0	64	194	67	3	
3	3	3	3	3	3	3	3	3	3	3	3	3	3	3	3	163	16	6	3	66	5	3	3	158	119	7	65	0	179	189	65	
3	3	3	3	4	3	3	3	4	3	3	51	4	54	50	16	122	37	47	4	5	4	4	3	17	37	7	197	83	0	279	105	
3	3	3	3	3	3	3	3	3	3	3	4	4	45	31	42	7	7	5	3	3	3	3	3	5	47	5	74	80	211	0	138	
3	51	3	3	4	3	3	3	4	3	3	3	4	16	46	55	61	194	67	3	3	3	3	3	3	4	3	4	64	46	51	0	
final_ranks:avg:30.0202 min:3 max:279
  73728   73728   73728    44.885      0.00 +-   0.00  

!END: M:73728 N:73728 MB:2304 NB:2304 MAXRANK:2304 DATE:Tue Oct 22 02:47:50 +03 2019 SCHED:prio CMD:/home/akbudak/hicma-dev/build/timing/time_zgetrf_tile --m=73728 --n_range=73728:73728 --k=73728 --mb=2304 --nb=2304 --nowarmup --threads=40 --p=1 --rk=0 --acc=2 --ss --starshwavek=0 --starshdecay=0 --starshmaxrank=3456 --ntrian=12288 --nipp=6 --isPrecent=0 --solve=0 MAXSUB:50 MINSUB:40 CASE:/home/akbudak/hicma-dev/./exp/cases/lu-vul-ka.sh SECOND:1746 MINUTE:29 HOUR:0
Tue Oct 22 03:16:56 +03 2019

!BEGIN: M:73728 N:73728 MB:2304 NB:2304 MAXRANK:2304 DATE:Tue Oct 22 03:16:56 +03 2019 SCHED:prio CMD:/home/akbudak/hicma-dev/build/timing/time_zgetrf_tile --m=73728 --n_range=73728:73728 --k=73728 --mb=2304 --nb=2304 --nowarmup --threads=40 --p=1 --rk=0 --acc=3 --ss --starshwavek=0 --starshdecay=0 --starshmaxrank=3456 --ntrian=12288 --nipp=6 --isPrecent=0 --solve=0 MAXSUB:50 MINSUB:40 CASE:/home/akbudak/hicma-dev/./exp/cases/lu-vul-ka.sh
#
# morse /home/akbudak/hicma-dev/build/timing/time_zgetrf_tile
# Nb threads:  40
# Nb GPUs:     0
# MB:          2304
# NB:          2304
# IB:          32
# eps:         1.110223e-16
# fixed rank:  0
# fixed acc:   1.0e-03
# alwaysfixedrank:      0
# wave_k:     0
# shmaxrk:     3456
# shprob:      2
# shdecay:     0.000000e+00
# reorder inner products:     0
# nipp:			    6
# ntrian:      12288
#
#     M       N  K/NRHS   seconds   Gflop/s Deviation

 ************************I am in complex part ************************

 nip:6 , ntrian:12288 N:73728, NB:2304

 global_nt:32 local_nt:384 N:73728 NB:2304 
 nipp =            6
 read inmom is done!
 read curve file is done!
 number of triangles:       12288
 NUMBER OF UNKNOWNS:       73728
 the whole program is done!
 NUMBER OF UNKNOWNS:       73728
Tcompress:1398.72
32 32
0	300	359	111	246	33	10	5	99	6	5	5	253	195	14	101	3	6	5	5	3	6	4	4	3	5	4	4	3	5	4	5	
255	0	444	209	195	63	84	6	7	6	5	6	34	64	16	300	6	181	82	37	5	6	5	5	5	5	5	5	5	6	6	84	
181	412	0	356	14	15	13	5	5	5	4	4	10	84	13	112	5	87	64	82	4	6	5	4	4	5	4	4	4	5	4	6	
118	166	200	0	101	310	112	6	5	5	4	4	5	6	5	6	5	37	81	154	5	82	6	5	4	5	4	4	4	5	4	5	
253	195	14	101	0	300	359	111	246	33	10	5	99	6	5	5	3	5	4	5	3	6	5	5	3	6	4	4	3	5	4	4	
34	64	16	300	255	0	444	209	195	63	84	6	7	6	5	6	5	6	6	84	6	181	82	37	5	6	5	5	5	5	5	5	
10	84	13	112	181	412	0	356	14	15	13	5	5	5	4	4	4	5	4	6	5	87	64	82	4	6	5	4	4	5	4	4	
5	6	5	6	118	166	200	0	101	310	112	6	5	5	4	4	4	5	4	5	5	37	81	154	5	82	6	5	4	5	4	4	
99	6	5	5	253	195	14	101	0	300	359	111	246	33	10	5	3	5	4	4	3	5	4	5	3	6	5	5	3	6	4	4	
7	6	5	6	34	64	16	300	255	0	444	209	195	63	84	6	5	5	5	5	5	6	6	84	6	181	82	37	5	6	5	5	
5	5	4	4	10	84	13	112	181	412	0	356	14	15	13	5	4	5	4	4	4	5	4	6	5	87	64	82	4	6	5	4	
5	5	4	4	5	6	5	6	118	166	200	0	101	310	112	6	4	5	4	4	4	5	4	5	5	37	81	154	5	82	6	5	
246	33	10	5	99	6	5	5	253	195	14	101	0	300	359	111	3	6	4	4	3	5	4	4	3	5	4	5	3	6	5	5	
195	63	84	6	7	6	5	6	34	64	16	300	255	0	444	209	5	6	5	5	5	5	5	5	5	6	6	84	6	181	82	37	
14	15	13	5	5	5	4	4	10	84	13	112	181	412	0	356	4	6	5	4	4	5	4	4	4	5	4	6	5	87	64	82	
101	310	112	6	5	5	4	4	5	6	5	6	118	166	200	0	5	82	6	5	4	5	4	4	4	5	4	5	5	37	81	154	
3	6	5	5	3	6	4	4	3	5	4	4	3	5	4	5	0	300	359	111	246	33	10	5	99	6	5	5	253	195	14	101	
6	181	82	37	5	6	5	5	5	5	5	5	5	6	6	84	255	0	444	209	195	63	84	6	7	6	5	6	34	64	16	300	
5	87	64	82	4	6	5	4	4	5	4	4	4	5	4	6	181	412	0	356	14	15	13	5	5	5	4	4	10	84	13	112	
5	37	81	154	5	82	6	5	4	5	4	4	4	5	4	5	118	166	200	0	101	310	112	6	5	5	4	4	5	6	5	6	
3	5	4	5	3	6	5	5	3	6	4	4	3	5	4	4	253	195	14	101	0	300	359	111	246	33	10	5	99	6	5	5	
5	6	6	84	6	181	82	37	5	6	5	5	5	5	5	5	34	64	16	300	255	0	444	209	195	63	84	6	7	6	5	6	
4	5	4	6	5	87	64	82	4	6	5	4	4	5	4	4	10	84	13	112	181	412	0	356	14	15	13	5	5	5	4	4	
4	5	4	5	5	37	81	154	5	82	6	5	4	5	4	4	5	6	5	6	118	166	200	0	101	310	112	6	5	5	4	4	
3	5	4	4	3	5	4	5	3	6	5	5	3	6	4	4	99	6	5	5	253	195	14	101	0	300	359	111	246	33	10	5	
5	5	5	5	5	6	6	84	6	181	82	37	5	6	5	5	7	6	5	6	34	64	16	300	255	0	444	209	195	63	84	6	
4	5	4	4	4	5	4	6	5	87	64	82	4	6	5	4	5	5	4	4	10	84	13	112	181	412	0	356	14	15	13	5	
4	5	4	4	4	5	4	5	5	37	81	154	5	82	6	5	5	5	4	4	5	6	5	6	118	166	200	0	101	310	112	6	
3	6	4	4	3	5	4	4	3	5	4	5	3	6	5	5	246	33	10	5	99	6	5	5	253	195	14	101	0	300	359	111	
5	6	5	5	5	5	5	5	5	6	6	84	6	181	82	37	195	63	84	6	7	6	5	6	34	64	16	300	255	0	444	209	
4	6	5	4	4	5	4	4	4	5	4	6	5	87	64	82	14	15	13	5	5	5	4	4	10	84	13	112	181	412	0	356	
5	82	6	5	4	5	4	4	4	5	4	5	5	37	81	154	101	310	112	6	5	5	4	4	5	6	5	6	118	166	200	0	
initial_ranks:avg:55.9839 min:3 max:444
32 32
0	300	359	111	246	33	10	5	99	6	5	5	253	195	14	101	3	6	5	5	3	6	4	4	3	5	4	4	3	5	4	5	
255	0	445	209	205	65	84	6	15	6	5	6	47	70	16	300	6	182	82	37	5	6	5	5	5	5	5	5	5	6	6	84	
181	423	0	364	20	16	14	5	6	5	4	4	13	86	14	117	5	92	64	82	4	6	5	4	4	5	4	4	4	5	4	6	
118	167	212	0	109	310	113	6	6	5	4	4	7	6	5	6	5	37	81	158	5	82	6	5	4	5	4	4	4	5	5	5	
253	198	16	101	0	301	359	111	249	33	10	5	105	11	5	5	3	5	4	5	3	6	5	5	3	6	4	4	3	5	4	4	
34	65	16	300	257	0	445	209	206	65	84	6	17	7	5	6	5	6	6	87	6	182	82	37	5	6	6	6	5	5	5	5	
10	84	13	112	184	423	0	364	20	16	14	5	6	6	4	4	4	5	4	6	5	91	64	82	4	6	5	4	4	5	4	4	
5	6	5	6	119	167	212	0	109	310	113	6	6	6	4	4	5	5	5	5	6	37	81	158	6	82	6	6	5	6	4	4	
99	9	5	5	255	198	16	101	0	301	359	111	249	35	10	5	3	5	4	4	3	5	4	6	4	6	6	6	3	6	4	4	
7	7	5	6	35	65	16	300	258	0	445	209	206	65	84	7	5	5	5	5	6	7	7	87	7	182	82	37	6	7	6	6	
5	6	4	4	11	84	13	112	184	423	0	364	20	16	14	5	5	5	4	4	5	6	5	6	6	91	64	82	5	7	5	4	
5	5	4	4	7	6	5	6	119	168	213	0	109	310	113	6	5	6	4	4	5	5	5	6	6	37	82	158	6	83	6	6	
246	41	12	5	109	10	5	5	256	198	16	101	0	301	359	111	3	6	4	4	3	5	4	4	4	5	4	6	4	6	6	6	
195	66	87	6	13	7	5	6	38	65	16	300	264	0	445	210	6	7	6	6	5	5	5	5	6	7	7	87	7	182	82	37	
14	15	13	5	6	6	4	4	12	84	13	112	184	423	0	364	5	7	5	4	5	5	4	4	5	6	5	6	6	92	64	82	
101	310	118	6	6	5	4	4	7	6	5	6	119	168	214	0	6	85	6	6	5	6	4	4	5	5	5	6	6	38	82	159	
3	6	5	5	4	6	4	4	5	5	5	5	5	6	5	6	0	300	359	111	246	33	11	6	99	7	6	6	253	195	15	101	
6	182	95	39	6	6	5	5	6	5	5	6	6	7	7	91	256	0	457	214	203	66	85	7	13	8	7	7	42	66	16	308	
5	87	65	82	5	6	5	4	5	5	4	4	6	6	5	6	182	433	0	368	18	16	14	5	6	6	5	5	12	89	14	125	
5	37	81	155	6	86	7	5	5	5	4	4	5	6	5	6	118	168	223	0	111	311	114	6	6	6	5	5	6	6	5	6	
3	5	4	5	4	6	6	6	5	6	5	5	5	5	5	5	253	202	16	102	0	300	359	111	246	34	11	6	100	10	6	6	
5	6	6	84	7	182	95	39	6	7	6	5	6	5	5	6	34	66	16	308	257	0	457	214	203	66	85	7	13	8	7	7	
4	5	4	6	6	87	65	82	5	6	6	5	5	5	4	4	11	85	13	112	182	433	0	368	19	16	14	5	6	6	5	5	
4	5	4	5	7	37	81	156	7	86	7	6	5	5	4	4	6	6	5	6	118	168	223	0	111	311	114	6	6	6	5	5	
3	5	4	4	4	6	4	6	5	7	6	6	5	6	5	5	99	12	6	6	255	202	16	102	0	300	359	111	246	34	11	6	
5	5	5	5	6	7	7	85	7	182	95	40	6	7	6	5	8	7	6	6	34	65	16	308	257	0	457	214	203	66	85	7	
4	5	4	4	5	6	5	6	7	87	65	82	6	7	6	5	6	6	5	5	11	85	13	112	182	433	0	368	19	16	14	5	
4	5	4	4	5	6	5	6	7	37	81	156	7	87	7	6	6	6	5	5	6	6	5	6	118	168	223	0	111	311	114	6	
3	6	4	4	4	5	4	5	5	6	5	6	5	7	6	6	246	43	13	6	104	12	6	6	255	202	17	102	0	300	359	111	
5	6	5	5	6	5	5	6	7	7	7	85	7	182	95	40	195	66	89	7	10	7	6	6	34	65	16	308	264	0	457	216	
4	6	5	4	5	5	4	4	6	6	5	6	7	87	65	82	14	15	13	5	6	6	5	5	11	85	14	112	182	433	0	368	
5	82	7	5	5	5	4	4	5	6	5	6	7	37	82	156	101	310	119	6	6	6	5	5	6	6	5	6	118	168	225	0	
final_ranks:avg:57.4345 min:3 max:457
  73728   73728   73728    75.442      0.00 +-   0.00  

!END: M:73728 N:73728 MB:2304 NB:2304 MAXRANK:2304 DATE:Tue Oct 22 03:16:56 +03 2019 SCHED:prio CMD:/home/akbudak/hicma-dev/build/timing/time_zgetrf_tile --m=73728 --n_range=73728:73728 --k=73728 --mb=2304 --nb=2304 --nowarmup --threads=40 --p=1 --rk=0 --acc=3 --ss --starshwavek=0 --starshdecay=0 --starshmaxrank=3456 --ntrian=12288 --nipp=6 --isPrecent=0 --solve=0 MAXSUB:50 MINSUB:40 CASE:/home/akbudak/hicma-dev/./exp/cases/lu-vul-ka.sh SECOND:1779 MINUTE:29 HOUR:0
Tue Oct 22 03:46:35 +03 2019

!BEGIN: M:73728 N:73728 MB:2304 NB:2304 MAXRANK:2304 DATE:Tue Oct 22 03:46:35 +03 2019 SCHED:prio CMD:/home/akbudak/hicma-dev/build/timing/time_zgetrf_tile --m=73728 --n_range=73728:73728 --k=73728 --mb=2304 --nb=2304 --nowarmup --threads=40 --p=1 --rk=0 --acc=4 --ss --starshwavek=0 --starshdecay=0 --starshmaxrank=3456 --ntrian=12288 --nipp=6 --isPrecent=0 --solve=0 MAXSUB:50 MINSUB:40 CASE:/home/akbudak/hicma-dev/./exp/cases/lu-vul-ka.sh
#
# morse /home/akbudak/hicma-dev/build/timing/time_zgetrf_tile
# Nb threads:  40
# Nb GPUs:     0
# MB:          2304
# NB:          2304
# IB:          32
# eps:         1.110223e-16
# fixed rank:  0
# fixed acc:   1.0e-04
# alwaysfixedrank:      0
# wave_k:     0
# shmaxrk:     3456
# shprob:      2
# shdecay:     0.000000e+00
# reorder inner products:     0
# nipp:			    6
# ntrian:      12288
#
#     M       N  K/NRHS   seconds   Gflop/s Deviation

 ************************I am in complex part ************************

 nip:6 , ntrian:12288 N:73728, NB:2304

 global_nt:32 local_nt:384 N:73728 NB:2304 
 nipp =            6
 read inmom is done!
 read curve file is done!
 number of triangles:       12288
 NUMBER OF UNKNOWNS:       73728
 the whole program is done!
 NUMBER OF UNKNOWNS:       73728
Tcompress:1398.9
32 32
0	432	460	180	350	45	17	8	148	10	8	8	356	284	24	155	6	9	8	8	6	8	6	6	6	6	6	6	6	7	7	8	
335	0	631	277	275	98	122	9	11	10	8	8	51	94	23	433	9	287	129	54	8	10	8	8	7	8	7	7	8	10	10	132	
350	582	0	473	22	22	17	7	8	8	7	7	18	117	17	173	8	136	101	131	7	9	8	7	6	6	6	6	7	8	7	9	
186	238	389	0	157	460	176	9	8	8	7	6	8	9	7	9	8	57	125	277	8	130	9	8	6	7	6	6	7	7	6	8	
356	284	24	155	0	432	460	180	350	45	17	8	148	10	8	8	6	7	7	8	6	9	8	8	6	8	6	6	6	6	6	6	
51	94	23	433	335	0	631	277	275	98	122	9	11	10	8	8	8	10	10	132	9	287	129	54	8	10	8	8	7	8	7	7	
18	117	17	173	350	582	0	473	22	22	17	7	8	8	7	7	7	8	7	9	8	136	101	131	7	9	8	7	6	6	6	6	
8	9	7	9	186	238	389	0	157	460	176	9	8	8	7	6	7	7	6	8	8	57	125	277	8	130	9	8	6	7	6	6	
148	10	8	8	356	284	24	155	0	432	460	180	350	45	17	8	6	6	6	6	6	7	7	8	6	9	8	8	6	8	6	6	
11	10	8	8	51	94	23	433	335	0	631	277	275	98	122	9	7	8	7	7	8	10	10	132	9	287	129	54	8	10	8	8	
8	8	7	7	18	117	17	173	350	582	0	473	22	22	17	7	6	6	6	6	7	8	7	9	8	136	101	131	7	9	8	7	
8	8	7	6	8	9	7	9	186	238	389	0	157	460	176	9	6	7	6	6	7	7	6	8	8	57	125	277	8	130	9	8	
350	45	17	8	148	10	8	8	356	284	24	155	0	432	460	180	6	8	6	6	6	6	6	6	6	7	7	8	6	9	8	8	
275	98	122	9	11	10	8	8	51	94	23	433	335	0	631	277	8	10	8	8	7	8	7	7	8	10	10	132	9	287	129	54	
22	22	17	7	8	8	7	7	18	117	17	173	350	582	0	473	7	9	8	7	6	6	6	6	7	8	7	9	8	136	101	131	
157	460	176	9	8	8	7	6	8	9	7	9	186	238	389	0	8	130	9	8	6	7	6	6	7	7	6	8	8	57	125	277	
6	9	8	8	6	8	6	6	6	6	6	6	6	7	7	8	0	432	460	180	350	45	17	8	148	10	8	8	356	284	24	155	
9	287	129	54	8	10	8	8	7	8	7	7	8	10	10	132	335	0	631	277	275	98	122	9	11	10	8	8	51	94	23	433	
8	136	101	131	7	9	8	7	6	6	6	6	7	8	7	9	350	582	0	473	22	22	17	7	8	8	7	7	18	117	17	173	
8	57	125	277	8	130	9	8	6	7	6	6	7	7	6	8	186	238	389	0	157	460	176	9	8	8	7	6	8	9	7	9	
6	7	7	8	6	9	8	8	6	8	6	6	6	6	6	6	356	284	24	155	0	432	460	180	350	45	17	8	148	10	8	8	
8	10	10	132	9	287	129	54	8	10	8	8	7	8	7	7	51	94	23	433	335	0	631	277	275	98	122	9	11	10	8	8	
7	8	7	9	8	136	101	131	7	9	8	7	6	6	6	6	18	117	17	173	350	582	0	473	22	22	17	7	8	8	7	7	
7	7	6	8	8	57	125	277	8	130	9	8	6	7	6	6	8	9	7	9	186	238	389	0	157	460	176	9	8	8	7	6	
6	6	6	6	6	7	7	8	6	9	8	8	6	8	6	6	148	10	8	8	356	284	24	155	0	432	460	180	350	45	17	8	
7	8	7	7	8	10	10	132	9	287	129	54	8	10	8	8	11	10	8	8	51	94	23	433	335	0	631	277	275	98	122	9	
6	6	6	6	7	8	7	9	8	136	101	131	7	9	8	7	8	8	7	7	18	117	17	173	350	582	0	473	22	22	17	7	
6	7	6	6	7	7	6	8	8	57	125	277	8	130	9	8	8	8	7	6	8	9	7	9	186	238	389	0	157	460	176	9	
6	8	6	6	6	6	6	6	6	7	7	8	6	9	8	8	350	45	17	8	148	10	8	8	356	284	24	155	0	432	460	180	
8	10	8	8	7	8	7	7	8	10	10	132	9	287	129	54	275	98	122	9	11	10	8	8	51	94	23	433	335	0	631	277	
7	9	8	7	6	6	6	6	7	8	7	9	8	136	101	131	22	22	17	7	8	8	7	7	18	117	17	173	350	582	0	473	
8	130	9	8	6	7	6	6	7	7	6	8	8	57	125	277	157	460	176	9	8	8	7	6	8	9	7	9	186	238	389	0	
initial_ranks:avg:83.25 min:6 max:631
32 32
0	432	460	180	350	45	17	8	148	10	8	8	356	284	24	155	6	9	8	8	6	8	6	6	6	6	6	6	6	7	7	8	
335	0	635	279	293	100	122	9	28	10	8	8	72	104	23	433	9	288	129	54	8	10	8	8	7	8	7	7	8	10	10	132	
350	605	0	486	38	24	20	7	9	8	7	7	29	129	20	197	8	158	106	131	7	9	8	7	6	6	6	6	7	8	7	11	
186	246	411	0	174	462	180	9	9	8	7	6	9	11	7	11	8	61	126	284	8	130	9	8	6	7	6	6	7	7	6	8	
356	302	35	163	0	433	460	180	356	45	17	8	162	25	8	8	6	7	7	8	6	9	8	8	6	8	6	6	6	6	6	6	
51	96	25	433	342	0	635	279	293	100	122	9	30	12	8	8	8	10	11	139	9	290	129	54	8	10	8	8	7	8	7	7	
18	117	20	173	360	605	0	486	38	24	20	8	10	8	7	7	7	8	7	12	8	158	106	131	7	10	8	7	6	6	6	6	
8	10	7	9	187	247	412	0	174	462	180	10	9	8	7	6	7	7	6	8	9	61	126	284	9	130	10	9	7	7	6	6	
148	23	8	8	361	303	35	163	0	433	460	180	356	51	17	8	6	6	6	6	6	7	7	8	6	10	9	9	6	8	6	6	
11	11	8	8	52	96	25	433	342	0	635	279	293	100	122	9	7	8	7	7	8	10	11	139	10	291	129	54	8	10	9	8	
8	8	7	7	19	117	20	173	360	605	0	487	38	24	20	8	6	6	6	6	8	9	8	13	9	158	106	131	7	10	8	7	
8	8	7	6	9	9	8	10	187	247	412	0	174	462	180	10	7	7	6	6	7	7	7	9	9	62	126	284	9	130	10	9	
350	70	27	9	165	26	8	8	364	302	35	163	0	437	460	180	6	8	6	6	6	6	6	6	6	7	7	8	6	10	9	9	
275	113	133	12	26	13	8	8	60	96	25	433	353	0	636	286	8	10	9	8	7	8	7	7	8	10	11	139	10	291	129	54	
22	22	20	7	9	8	7	7	19	117	20	173	361	605	0	487	7	10	8	7	6	6	6	6	8	9	8	13	9	158	106	131	
157	460	200	11	9	8	7	6	10	9	8	10	188	249	413	0	9	140	10	9	7	7	6	6	7	7	7	9	9	62	126	289	
6	9	8	8	7	8	6	6	7	6	6	6	7	8	7	9	0	432	460	180	350	45	18	9	148	11	9	9	356	285	25	155	
9	288	153	59	9	10	8	8	9	9	7	7	10	11	10	143	337	0	656	290	295	102	124	10	28	11	10	9	76	108	23	441	
8	136	106	131	8	9	8	7	7	6	6	6	8	9	8	10	351	613	0	495	36	24	20	8	9	8	7	7	33	137	22	203	
8	57	125	281	9	138	12	8	8	7	6	6	8	7	6	9	186	250	422	0	170	470	181	10	9	8	7	6	10	11	8	11	
6	7	7	8	7	9	8	9	7	8	7	7	7	6	6	6	356	302	38	169	0	435	462	180	354	45	18	9	157	28	9	9	
8	11	10	132	10	290	153	59	9	10	8	8	9	9	7	7	51	96	27	441	344	0	657	290	295	102	124	10	31	11	10	9	
7	8	7	9	9	136	106	131	8	10	8	7	7	6	6	6	18	117	21	174	357	614	0	496	36	24	20	8	9	8	7	7	
7	7	6	8	9	57	125	281	9	138	13	9	8	7	6	6	9	10	8	10	186	251	422	0	170	470	181	10	9	8	7	6	
6	6	6	6	7	7	7	9	7	10	9	9	7	8	7	7	148	25	10	10	359	302	37	169	0	435	462	180	354	50	18	9	
7	9	7	7	9	11	10	132	11	289	153	59	9	10	8	8	12	10	9	9	51	96	26	441	344	0	657	290	295	102	124	10	
6	6	6	6	8	9	8	10	9	136	106	131	8	10	8	7	9	8	7	7	19	117	21	174	357	614	0	496	36	24	20	8	
6	7	6	6	8	7	6	9	10	57	125	281	9	138	13	9	9	8	7	6	9	10	8	10	186	251	423	0	170	470	181	10	
6	8	6	6	7	6	6	6	7	8	7	9	7	10	9	9	350	74	31	11	161	27	11	10	360	303	38	169	0	441	462	181	
8	10	8	8	8	9	7	7	10	11	10	132	11	289	153	59	275	113	138	11	27	11	9	9	56	96	26	441	353	0	658	299	
7	9	8	7	7	6	6	6	8	9	8	10	9	136	106	131	22	22	22	8	9	8	7	7	19	117	21	174	356	615	0	496	
8	130	11	8	7	7	6	6	8	7	6	9	10	58	125	282	157	465	213	12	9	8	7	6	9	10	8	10	188	256	423	0	
final_ranks:avg:86.4657 min:6 max:658
  73728   73728   73728   139.350      0.00 +-   0.00  

!END: M:73728 N:73728 MB:2304 NB:2304 MAXRANK:2304 DATE:Tue Oct 22 03:46:35 +03 2019 SCHED:prio CMD:/home/akbudak/hicma-dev/build/timing/time_zgetrf_tile --m=73728 --n_range=73728:73728 --k=73728 --mb=2304 --nb=2304 --nowarmup --threads=40 --p=1 --rk=0 --acc=4 --ss --starshwavek=0 --starshdecay=0 --starshmaxrank=3456 --ntrian=12288 --nipp=6 --isPrecent=0 --solve=0 MAXSUB:50 MINSUB:40 CASE:/home/akbudak/hicma-dev/./exp/cases/lu-vul-ka.sh SECOND:1843 MINUTE:30 HOUR:0
Tue Oct 22 04:17:19 +03 2019

!BEGIN: M:73728 N:73728 MB:2304 NB:2304 MAXRANK:2304 DATE:Tue Oct 22 04:17:19 +03 2019 SCHED:prio CMD:/home/akbudak/hicma-dev/build/timing/time_zgetrf_tile --m=73728 --n_range=73728:73728 --k=73728 --mb=2304 --nb=2304 --nowarmup --threads=40 --p=1 --rk=0 --acc=5 --ss --starshwavek=0 --starshdecay=0 --starshmaxrank=3456 --ntrian=12288 --nipp=6 --isPrecent=0 --solve=0 MAXSUB:50 MINSUB:40 CASE:/home/akbudak/hicma-dev/./exp/cases/lu-vul-ka.sh
#
# morse /home/akbudak/hicma-dev/build/timing/time_zgetrf_tile
# Nb threads:  40
# Nb GPUs:     0
# MB:          2304
# NB:          2304
# IB:          32
# eps:         1.110223e-16
# fixed rank:  0
# fixed acc:   1.0e-05
# alwaysfixedrank:      0
# wave_k:     0
# shmaxrk:     3456
# shprob:      2
# shdecay:     0.000000e+00
# reorder inner products:     0
# nipp:			    6
# ntrian:      12288
#
#     M       N  K/NRHS   seconds   Gflop/s Deviation

 ************************I am in complex part ************************

 nip:6 , ntrian:12288 N:73728, NB:2304

 global_nt:32 local_nt:384 N:73728 NB:2304 
 nipp =            6
 read inmom is done!
 read curve file is done!
 number of triangles:       12288
 NUMBER OF UNKNOWNS:       73728
 the whole program is done!
 NUMBER OF UNKNOWNS:       73728
Tcompress:1397.48
32 32
0	605	667	275	542	78	27	11	234	16	11	10	519	404	36	253	9	12	10	11	9	10	10	10	8	10	9	10	9	10	10	10	
538	0	936	449	427	155	194	13	17	14	12	12	86	159	38	636	13	384	211	91	11	14	12	12	11	12	11	11	11	14	14	213	
473	868	0	695	38	38	29	10	11	11	10	10	27	195	29	287	11	204	153	201	10	14	10	10	9	10	9	9	10	11	10	13	
267	356	516	0	246	637	278	13	11	11	10	10	12	13	10	12	11	88	204	369	10	212	14	10	10	10	10	9	10	10	10	11	
519	404	36	253	0	605	667	275	542	78	27	11	234	16	11	10	9	10	10	10	9	12	10	11	9	10	10	10	8	10	9	10	
86	159	38	636	538	0	936	449	427	155	194	13	17	14	12	12	11	14	14	213	13	384	211	91	11	14	12	12	11	12	11	11	
27	195	29	287	473	868	0	695	38	38	29	10	11	11	10	10	10	11	10	13	11	204	153	201	10	14	10	10	9	10	9	9	
12	13	10	12	267	356	516	0	246	637	278	13	11	11	10	10	10	10	10	11	11	88	204	369	10	212	14	10	10	10	10	9	
234	16	11	10	519	404	36	253	0	605	667	275	542	78	27	11	8	10	9	10	9	10	10	10	9	12	10	11	9	10	10	10	
17	14	12	12	86	159	38	636	538	0	936	449	427	155	194	13	11	12	11	11	11	14	14	213	13	384	211	91	11	14	12	12	
11	11	10	10	27	195	29	287	473	868	0	695	38	38	29	10	9	10	9	9	10	11	10	13	11	204	153	201	10	14	10	10	
11	11	10	10	12	13	10	12	267	356	516	0	246	637	278	13	10	10	10	9	10	10	10	11	11	88	204	369	10	212	14	10	
542	78	27	11	234	16	11	10	519	404	36	253	0	605	667	275	9	10	10	10	8	10	9	10	9	10	10	10	9	12	10	11	
427	155	194	13	17	14	12	12	86	159	38	636	538	0	936	449	11	14	12	12	11	12	11	11	11	14	14	213	13	384	211	91	
38	38	29	10	11	11	10	10	27	195	29	287	473	868	0	695	10	14	10	10	9	10	9	9	10	11	10	13	11	204	153	201	
246	637	278	13	11	11	10	10	12	13	10	12	267	356	516	0	10	212	14	10	10	10	10	9	10	10	10	11	11	88	204	369	
9	12	10	11	9	10	10	10	8	10	9	10	9	10	10	10	0	605	667	275	542	78	27	11	234	16	11	10	519	404	36	253	
13	384	211	91	11	14	12	12	11	12	11	11	11	14	14	213	538	0	936	449	427	155	194	13	17	14	12	12	86	159	38	636	
11	204	153	201	10	14	10	10	9	10	9	9	10	11	10	13	473	868	0	695	38	38	29	10	11	11	10	10	27	195	29	287	
11	88	204	369	10	212	14	10	10	10	10	9	10	10	10	11	267	356	516	0	246	637	278	13	11	11	10	10	12	13	10	12	
9	10	10	10	9	12	10	11	9	10	10	10	8	10	9	10	519	404	36	253	0	605	667	275	542	78	27	11	234	16	11	10	
11	14	14	213	13	384	211	91	11	14	12	12	11	12	11	11	86	159	38	636	538	0	936	449	427	155	194	13	17	14	12	12	
10	11	10	13	11	204	153	201	10	14	10	10	9	10	9	9	27	195	29	287	473	868	0	695	38	38	29	10	11	11	10	10	
10	10	10	11	11	88	204	369	10	212	14	10	10	10	10	9	12	13	10	12	267	356	516	0	246	637	278	13	11	11	10	10	
8	10	9	10	9	10	10	10	9	12	10	11	9	10	10	10	234	16	11	10	519	404	36	253	0	605	667	275	542	78	27	11	
11	12	11	11	11	14	14	213	13	384	211	91	11	14	12	12	17	14	12	12	86	159	38	636	538	0	936	449	427	155	194	13	
9	10	9	9	10	11	10	13	11	204	153	201	10	14	10	10	11	11	10	10	27	195	29	287	473	868	0	695	38	38	29	10	
10	10	10	9	10	10	10	11	11	88	204	369	10	212	14	10	11	11	10	10	12	13	10	12	267	356	516	0	246	637	278	13	
9	10	10	10	8	10	9	10	9	10	10	10	9	12	10	11	542	78	27	11	234	16	11	10	519	404	36	253	0	605	667	275	
11	14	12	12	11	12	11	11	11	14	14	213	13	384	211	91	427	155	194	13	17	14	12	12	86	159	38	636	538	0	936	449	
10	14	10	10	9	10	9	9	10	11	10	13	11	204	153	201	38	38	29	10	11	11	10	10	27	195	29	287	473	868	0	695	
10	212	14	10	10	10	10	9	10	10	10	11	11	88	204	369	246	637	278	13	11	11	10	10	12	13	10	12	267	356	516	0	
initial_ranks:avg:124.202 min:8 max:936
32 32
0	605	667	275	542	78	27	11	234	16	11	10	519	404	36	253	9	12	10	11	9	10	10	10	8	10	9	10	9	10	10	10	
538	0	952	456	454	161	194	13	48	15	12	12	135	188	39	638	13	384	211	91	11	14	12	12	11	12	11	11	11	14	14	213	
473	903	0	716	75	45	37	10	14	11	10	10	59	222	35	345	11	250	167	201	10	14	10	10	9	10	9	9	10	11	10	27	
267	368	543	0	272	642	282	13	13	11	10	10	17	20	10	20	12	106	213	384	10	212	14	10	10	10	10	9	10	11	10	11	
519	429	71	274	0	611	669	275	553	78	27	11	258	51	12	13	9	10	10	11	9	12	10	11	9	10	10	10	8	10	9	10	
86	165	44	636	553	0	956	456	455	161	194	13	55	20	12	12	11	14	21	242	13	391	211	91	11	14	12	12	11	12	11	11	
27	195	37	288	485	906	0	716	76	45	37	10	15	12	10	10	10	11	10	30	11	250	167	201	10	14	10	10	9	10	9	9	
12	14	10	12	268	368	543	0	272	642	282	13	13	11	10	10	10	11	10	11	12	106	213	384	11	212	15	11	10	10	10	9	
234	46	14	12	527	430	72	274	0	611	669	275	555	96	27	12	8	10	9	10	9	10	10	11	9	13	10	11	9	10	10	10	
17	16	12	12	87	165	44	636	554	0	956	456	455	162	194	13	11	12	11	11	12	14	21	242	14	392	211	91	11	14	12	12	
11	12	10	10	28	195	37	288	486	906	0	717	76	45	37	10	9	10	9	9	10	11	10	30	12	250	167	201	10	14	10	10	
11	12	10	10	13	14	10	13	268	369	543	0	272	642	282	13	10	10	10	9	10	11	10	12	13	107	213	385	11	212	15	11	
542	126	56	15	258	51	16	12	533	430	72	274	0	625	669	281	9	10	10	10	8	10	9	10	9	10	10	11	9	13	10	11	
427	183	217	19	49	20	12	12	103	165	44	636	571	0	957	467	11	14	12	12	11	12	11	11	12	14	21	242	14	392	211	91	
38	39	35	10	12	12	10	10	29	195	37	288	487	908	0	717	10	14	10	10	9	10	9	9	10	11	10	30	12	250	167	201	
246	639	332	18	13	12	10	10	14	14	10	13	273	384	545	0	11	240	18	11	10	10	10	9	10	10	10	12	13	108	213	391	
9	13	10	11	10	10	10	10	10	10	9	10	10	10	10	11	0	605	667	275	542	78	28	12	234	17	12	11	519	405	37	253	
13	385	261	110	13	16	13	12	13	12	11	11	13	16	15	241	539	0	971	466	457	164	196	14	56	16	13	13	151	199	43	647	
11	204	167	207	11	18	10	10	10	10	9	9	11	12	10	16	475	912	0	725	82	50	41	10	15	11	10	10	72	232	36	350	
11	88	205	374	12	237	31	10	11	10	10	9	11	11	10	12	267	380	560	0	273	655	288	14	14	11	10	10	22	22	10	19	
9	10	10	10	10	13	10	12	10	10	10	10	10	10	9	10	519	429	83	276	0	619	675	275	554	78	28	12	261	65	12	14	
11	15	14	213	14	389	262	111	14	16	13	12	13	12	11	11	87	166	49	646	556	0	977	466	456	164	196	14	64	20	13	13	
10	12	10	13	12	204	167	207	11	18	10	10	10	10	9	9	28	195	39	291	482	916	0	725	83	51	41	10	18	11	10	10	
10	11	10	11	12	88	205	375	13	237	32	11	11	11	10	9	13	13	10	13	267	380	560	0	273	655	288	14	14	11	10	10	
8	10	9	10	10	10	10	11	10	13	11	12	10	10	10	10	234	52	14	14	528	428	84	276	0	619	675	275	554	99	28	12	
11	12	11	11	12	15	14	213	15	389	262	111	14	16	13	12	18	14	12	12	87	166	50	646	556	0	977	466	457	164	196	14	
9	10	9	9	11	12	10	14	13	204	167	207	11	18	10	10	12	11	10	10	28	195	39	291	482	916	0	725	83	51	41	10	
10	11	10	9	11	11	10	12	13	88	205	375	14	237	32	11	12	11	10	10	13	13	10	13	267	380	560	0	273	655	288	14	
9	10	10	10	9	10	9	10	10	10	10	11	10	13	11	12	542	142	70	21	263	60	18	14	530	429	84	276	0	636	675	285	
11	15	12	12	12	12	11	11	13	15	14	213	15	389	262	111	428	193	229	25	62	18	12	12	106	166	50	646	573	0	978	480	
10	15	10	10	10	10	9	9	11	12	10	14	13	204	167	207	39	45	35	10	12	11	10	10	28	195	39	290	483	919	0	724	
10	212	30	10	11	11	10	9	11	11	10	12	13	88	205	376	246	650	353	23	14	11	10	10	13	13	10	13	278	401	563	0	
final_ranks:avg:130.891 min:8 max:978
  73728   73728   73728   322.383      0.00 +-   0.00  

!END: M:73728 N:73728 MB:2304 NB:2304 MAXRANK:2304 DATE:Tue Oct 22 04:17:19 +03 2019 SCHED:prio CMD:/home/akbudak/hicma-dev/build/timing/time_zgetrf_tile --m=73728 --n_range=73728:73728 --k=73728 --mb=2304 --nb=2304 --nowarmup --threads=40 --p=1 --rk=0 --acc=5 --ss --starshwavek=0 --starshdecay=0 --starshmaxrank=3456 --ntrian=12288 --nipp=6 --isPrecent=0 --solve=0 MAXSUB:50 MINSUB:40 CASE:/home/akbudak/hicma-dev/./exp/cases/lu-vul-ka.sh SECOND:2022 MINUTE:33 HOUR:0
Tue Oct 22 04:51:01 +03 2019

!BEGIN: M:73728 N:73728 MB:2304 NB:2304 MAXRANK:2304 DATE:Tue Oct 22 04:51:01 +03 2019 SCHED:prio CMD:/home/akbudak/hicma-dev/build/timing/time_zgetrf_tile --m=73728 --n_range=73728:73728 --k=73728 --mb=2304 --nb=2304 --nowarmup --threads=40 --p=1 --rk=0 --acc=6 --ss --starshwavek=0 --starshdecay=0 --starshmaxrank=3456 --ntrian=12288 --nipp=6 --isPrecent=0 --solve=0 MAXSUB:50 MINSUB:40 CASE:/home/akbudak/hicma-dev/./exp/cases/lu-vul-ka.sh
#
# morse /home/akbudak/hicma-dev/build/timing/time_zgetrf_tile
# Nb threads:  40
# Nb GPUs:     0
# MB:          2304
# NB:          2304
# IB:          32
# eps:         1.110223e-16
# fixed rank:  0
# fixed acc:   1.0e-06
# alwaysfixedrank:      0
# wave_k:     0
# shmaxrk:     3456
# shprob:      2
# shdecay:     0.000000e+00
# reorder inner products:     0
# nipp:			    6
# ntrian:      12288
#
#     M       N  K/NRHS   seconds   Gflop/s Deviation

 ************************I am in complex part ************************

 nip:6 , ntrian:12288 N:73728, NB:2304

 global_nt:32 local_nt:384 N:73728 NB:2304 
 nipp =            6
 read inmom is done!
 read curve file is done!
 number of triangles:       12288
 NUMBER OF UNKNOWNS:       73728
 the whole program is done!
 NUMBER OF UNKNOWNS:       73728
Tcompress:1389.12
32 32
0	743	860	353	665	107	37	16	303	22	16	16	650	495	50	318	12	18	16	16	12	15	13	13	11	13	12	12	12	14	13	16	
705	0	1136	562	517	198	251	18	23	20	16	16	110	207	52	770	19	551	266	115	15	20	16	15	14	16	14	15	16	21	20	257	
678	1081	0	910	52	52	40	15	16	15	13	13	38	250	41	356	16	254	205	247	14	19	15	13	12	13	12	12	13	16	15	19	
341	498	745	0	307	739	337	18	16	15	14	13	17	18	15	18	16	116	255	541	16	254	19	16	13	14	12	12	13	15	13	15	
650	495	50	318	0	743	860	353	665	107	37	16	303	22	16	16	12	14	13	16	12	18	16	16	12	15	13	13	11	13	12	12	
110	207	52	770	705	0	1136	562	517	198	251	18	23	20	16	16	16	21	20	257	19	551	266	115	15	20	16	15	14	16	14	15	
38	250	41	356	678	1081	0	910	52	52	40	15	16	15	13	13	13	16	15	19	16	254	205	247	14	19	15	13	12	13	12	12	
17	18	15	18	341	498	745	0	307	739	337	18	16	15	14	13	13	15	13	15	16	116	255	541	16	254	19	16	13	14	12	12	
303	22	16	16	650	495	50	318	0	743	860	353	665	107	37	16	11	13	12	12	12	14	13	16	12	18	16	16	12	15	13	13	
23	20	16	16	110	207	52	770	705	0	1136	562	517	198	251	18	14	16	14	15	16	21	20	257	19	551	266	115	15	20	16	15	
16	15	13	13	38	250	41	356	678	1081	0	910	52	52	40	15	12	13	12	12	13	16	15	19	16	254	205	247	14	19	15	13	
16	15	14	13	17	18	15	18	341	498	745	0	307	739	337	18	13	14	12	12	13	15	13	15	16	116	255	541	16	254	19	16	
665	107	37	16	303	22	16	16	650	495	50	318	0	743	860	353	12	15	13	13	11	13	12	12	12	14	13	16	12	18	16	16	
517	198	251	18	23	20	16	16	110	207	52	770	705	0	1136	562	15	20	16	15	14	16	14	15	16	21	20	257	19	551	266	115	
52	52	40	15	16	15	13	13	38	250	41	356	678	1081	0	910	14	19	15	13	12	13	12	12	13	16	15	19	16	254	205	247	
307	739	337	18	16	15	14	13	17	18	15	18	341	498	745	0	16	254	19	16	13	14	12	12	13	15	13	15	16	116	255	541	
12	18	16	16	12	15	13	13	11	13	12	12	12	14	13	16	0	743	860	353	665	107	37	16	303	22	16	16	650	495	50	318	
19	551	266	115	15	20	16	15	14	16	14	15	16	21	20	257	705	0	1136	562	517	198	251	18	23	20	16	16	110	207	52	770	
16	254	205	247	14	19	15	13	12	13	12	12	13	16	15	19	678	1081	0	910	52	52	40	15	16	15	13	13	38	250	41	356	
16	116	255	541	16	254	19	16	13	14	12	12	13	15	13	15	341	498	745	0	307	739	337	18	16	15	14	13	17	18	15	18	
12	14	13	16	12	18	16	16	12	15	13	13	11	13	12	12	650	495	50	318	0	743	860	353	665	107	37	16	303	22	16	16	
16	21	20	257	19	551	266	115	15	20	16	15	14	16	14	15	110	207	52	770	705	0	1136	562	517	198	251	18	23	20	16	16	
13	16	15	19	16	254	205	247	14	19	15	13	12	13	12	12	38	250	41	356	678	1081	0	910	52	52	40	15	16	15	13	13	
13	15	13	15	16	116	255	541	16	254	19	16	13	14	12	12	17	18	15	18	341	498	745	0	307	739	337	18	16	15	14	13	
11	13	12	12	12	14	13	16	12	18	16	16	12	15	13	13	303	22	16	16	650	495	50	318	0	743	860	353	665	107	37	16	
14	16	14	15	16	21	20	257	19	551	266	115	15	20	16	15	23	20	16	16	110	207	52	770	705	0	1136	562	517	198	251	18	
12	13	12	12	13	16	15	19	16	254	205	247	14	19	15	13	16	15	13	13	38	250	41	356	678	1081	0	910	52	52	40	15	
13	14	12	12	13	15	13	15	16	116	255	541	16	254	19	16	16	15	14	13	17	18	15	18	341	498	745	0	307	739	337	18	
12	15	13	13	11	13	12	12	12	14	13	16	12	18	16	16	665	107	37	16	303	22	16	16	650	495	50	318	0	743	860	353	
15	20	16	15	14	16	14	15	16	21	20	257	19	551	266	115	517	198	251	18	23	20	16	16	110	207	52	770	705	0	1136	562	
14	19	15	13	12	13	12	12	13	16	15	19	16	254	205	247	52	52	40	15	16	15	13	13	38	250	41	356	678	1081	0	910	
16	254	19	16	13	14	12	12	13	15	13	15	16	116	255	541	307	739	337	18	16	15	14	13	17	18	15	18	341	498	745	0	
initial_ranks:avg:159.484 min:11 max:1136
32 32
0	743	860	353	665	107	37	16	303	22	16	16	650	495	50	318	12	18	16	16	12	15	13	13	11	13	12	12	12	14	13	16	
705	0	1166	579	557	209	251	19	84	21	17	17	207	272	56	778	19	552	266	115	15	20	16	15	14	16	14	16	16	21	20	257	
678	1128	0	943	147	77	67	16	24	16	13	13	124	306	49	470	16	349	242	248	14	20	15	13	12	13	12	12	13	16	15	60	
341	520	782	0	362	747	343	18	21	15	14	13	37	45	15	38	16	160	279	565	16	254	19	16	13	14	12	12	13	15	13	15	
650	535	145	369	0	764	867	353	684	108	37	17	344	98	18	21	12	16	13	20	12	20	16	16	12	15	13	13	11	13	12	13	
110	218	77	773	737	0	1175	579	559	210	251	19	94	32	17	18	16	22	33	315	19	562	266	115	15	20	16	15	14	16	14	16	
38	250	67	358	692	1134	0	943	148	77	67	16	27	18	13	13	13	16	15	69	16	352	242	248	14	20	15	13	12	13	12	12	
17	19	16	18	342	521	783	0	362	747	343	18	21	16	14	13	13	15	13	15	16	160	279	566	16	254	20	16	13	14	12	12	
303	83	25	22	665	536	146	369	0	764	867	353	686	143	38	21	12	14	13	13	13	16	14	20	13	20	16	16	13	15	13	13	
23	23	17	16	111	219	77	773	737	0	1175	579	558	211	251	19	14	16	14	16	16	22	33	315	19	562	266	116	15	20	16	15	
16	16	14	13	39	250	67	358	694	1134	0	944	149	77	67	16	12	13	12	12	14	16	15	69	16	352	242	248	14	20	15	13	
16	16	14	13	18	19	16	18	343	521	783	0	362	747	343	18	13	14	12	12	13	15	13	16	16	160	279	567	16	254	19	16	
665	205	118	34	345	93	27	22	672	536	146	369	0	787	867	375	13	16	13	13	12	14	13	13	13	16	14	20	13	20	16	16	
517	262	304	41	96	32	18	17	146	221	77	773	760	0	1177	596	15	27	16	15	14	16	14	15	16	22	33	315	19	562	266	116	
52	56	46	16	18	17	14	13	40	250	67	358	695	1136	0	944	14	22	15	13	12	13	12	12	14	16	15	69	16	352	242	248	
307	746	439	35	23	17	15	13	21	19	16	18	363	542	786	0	16	310	32	18	13	14	12	12	13	15	13	17	16	160	279	575	
12	19	16	16	13	16	13	13	13	13	12	13	14	15	13	16	0	743	861	353	665	107	38	16	303	23	16	16	650	496	51	318	
19	552	361	158	18	24	18	15	16	17	15	16	19	28	23	312	708	0	1190	602	561	211	253	20	89	21	18	17	220	277	67	794	
16	254	241	266	16	34	16	13	14	14	12	12	15	16	15	33	680	1147	0	956	157	86	67	15	26	15	13	13	134	316	48	478	
16	116	256	551	23	311	69	16	14	15	13	12	15	15	13	17	342	544	809	0	367	765	354	18	22	15	14	13	42	45	15	37	
12	15	13	16	13	19	16	16	13	15	14	13	13	14	12	13	650	537	149	370	0	772	871	353	685	108	38	16	348	102	17	21	
16	22	20	257	21	561	363	159	20	24	18	15	16	16	15	16	110	219	84	788	742	0	1200	602	561	211	253	20	100	31	18	17	
13	16	16	19	17	254	241	266	16	34	16	13	14	14	12	12	38	250	70	367	695	1153	0	956	157	86	68	15	27	16	13	13	
13	15	13	16	17	116	256	552	24	311	68	16	14	15	13	12	17	18	15	18	342	545	809	0	367	766	355	18	22	15	14	13	
11	14	12	13	13	15	13	16	14	19	16	16	14	15	14	13	303	87	24	21	666	538	151	370	0	772	871	353	686	147	39	19	
14	17	15	15	17	22	20	257	22	561	363	160	20	24	18	16	23	21	16	16	110	219	85	789	742	0	1200	603	561	212	253	20	
12	14	12	12	15	16	15	20	17	254	241	266	16	34	16	13	16	15	13	13	39	250	71	367	695	1153	0	956	157	86	68	15	
13	15	13	12	14	15	13	16	18	117	256	552	24	311	69	16	16	15	14	13	17	18	15	18	341	545	809	0	367	766	354	18	
12	16	13	13	12	14	12	13	14	15	13	16	14	18	16	16	665	215	121	41	348	97	27	21	671	538	150	370	0	796	871	378	
15	21	17	15	15	17	15	15	18	22	20	257	22	561	363	160	517	267	310	47	97	28	18	16	148	220	85	788	765	0	1203	621	
14	20	16	13	13	14	12	12	15	16	15	20	17	254	241	266	53	64	48	16	17	15	13	13	38	250	70	367	697	1155	0	957	
16	254	59	16	14	15	13	12	14	15	13	16	18	117	256	556	307	762	456	39	21	15	14	13	20	18	15	18	366	572	812	0	
final_ranks:avg:172.736 min:11 max:1203
  73728   73728   73728   584.597      0.00 +-   0.00  

!END: M:73728 N:73728 MB:2304 NB:2304 MAXRANK:2304 DATE:Tue Oct 22 04:51:01 +03 2019 SCHED:prio CMD:/home/akbudak/hicma-dev/build/timing/time_zgetrf_tile --m=73728 --n_range=73728:73728 --k=73728 --mb=2304 --nb=2304 --nowarmup --threads=40 --p=1 --rk=0 --acc=6 --ss --starshwavek=0 --starshdecay=0 --starshmaxrank=3456 --ntrian=12288 --nipp=6 --isPrecent=0 --solve=0 MAXSUB:50 MINSUB:40 CASE:/home/akbudak/hicma-dev/./exp/cases/lu-vul-ka.sh SECOND:2279 MINUTE:37 HOUR:0
Tue Oct 22 05:29:01 +03 2019

