#Number of nodes: 1 =============================
# 
#Sat Oct 19 08:40:20 +03 2019 on 1 nodes. Hicma beta=0.01 --ss -  -  - 10:00:00 -   - hic - exp/cases/lu-vul-ka.sh "3" 1 (0-0-1)
#case ids:  3
vulture
numactl --interleave=all

Experiment case:3 nrows:43920 mb:1830
!BEGIN: M:43920 N:43920 MB:1830 NB:1830 MAXRANK:1830 DATE:Sat Oct 19 08:40:20 +03 2019 SCHED:prio CMD:/home/akbudak/hicma-dev/build/timing/time_zgetrf_tile --m=43920 --n_range=43920:43920 --k=43920 --mb=1830 --nb=1830 --nowarmup --threads=40 --p=1 --rk=0 --acc=1 --ss --starshwavek=0 --starshdecay=0 --starshmaxrank=3660 --ntrian=7320 --nipp=6 --isPrecent=0 --solve=0 MAXSUB:50 MINSUB:40 CASE:/home/akbudak/hicma-dev/exp/cases/lu-vul-ka.sh
#
# morse /home/akbudak/hicma-dev/build/timing/time_zgetrf_tile
# Nb threads:  40
# Nb GPUs:     0
# MB:          1830
# NB:          1830
# IB:          32
# eps:         1.110223e-16
# fixed rank:  0
# fixed acc:   1.0e-01
# alwaysfixedrank:      0
# wave_k:     0
# shmaxrk:     3660
# shprob:      2
# shdecay:     0.000000e+00
# reorder inner products:     0
# nipp:			    6
# ntrian:      7320
#
#     M       N  K/NRHS   seconds   Gflop/s Deviation

 ************************I am in complex part ************************

 nip:6 , ntrian:7320 N:43920, NB:1830

 global_nt:24 local_nt:305 N:43920 NB:1830 
 nipp =            6
 read inmom is done!
 read curve file is done!
 number of triangles:        7320
 NUMBER OF UNKNOWNS:       43920
 the whole program is done!
 NUMBER OF UNKNOWNS:       43920
Tcompress:399.418
24 24
0	67	60	39	52	44	17	14	10	10	16	14	3	3	3	3	3	3	3	3	3	4	4	6	
67	0	51	4	3	3	3	3	3	3	3	3	2	2	3	3	3	3	3	3	3	3	3	3	
61	51	0	79	6	4	3	3	3	3	3	3	3	3	3	3	3	3	3	3	3	3	3	3	
39	4	79	0	74	8	5	4	4	4	4	4	3	3	3	3	3	3	3	3	3	4	4	4	
52	3	6	74	0	76	11	5	5	5	5	5	3	3	3	3	3	3	4	4	4	4	4	5	
44	3	4	8	75	0	107	14	7	5	5	5	3	3	3	3	3	4	4	4	4	5	5	5	
17	3	3	5	11	107	0	189	15	8	5	5	3	3	3	3	4	4	4	5	5	5	5	5	
14	3	3	4	5	14	188	0	107	15	8	5	3	3	3	3	4	4	5	5	5	5	5	5	
10	3	3	4	5	7	15	107	0	202	16	8	3	3	3	3	4	4	5	5	5	5	5	5	
10	3	3	4	5	5	8	15	201	0	111	16	4	3	3	4	4	5	5	5	5	5	5	9	
16	3	3	4	5	5	5	8	16	111	0	200	4	3	3	4	4	5	5	5	5	5	9	18	
14	3	3	4	5	5	5	5	8	16	200	0   8	3	3	4	4	5	5	5	5	9	18	123	
3	2	3	3	3	3	3	3	3	4	4	9	0	69	21	30	43	44	21	13	10	10	11	16	
3	2	3	3	3	3	3	3	3	3	3	3	70	0	50	4	3	3	3	3	3	3	3	3	
3	3	3	3	3	3	3	3	3	3	3	3	21	50	0	68	6	4	3	3	3	3	3	3	
3	3	3	3	3	3	3	3	3	4	4	4	30	4	68	0	72	8	5	4	4	4	4	4	
3	3	3	3	3	3	4	4	4	4	4	4	43	3	6	72	0	98	11	5	5	5	5	5	
3	3	3	3	3	4	4	4	4	5	5	5	44	3	4	8	98	0	100	14	7	5	5	5	
3	3	3	3	4	4	4	5	5	5	5	5	20	3	3	5	11	100	0	189	15	8	5	5	
3	3	3	3	4	4	5	5	5	5	5	5	13	3	3	4	5	14	188	0	112	15	8	5	
3	3	3	3	4	4	5	5	5	5	5	5	10	3	3	4	5	7	15	112	0	190	16	8	
4	3	3	4	4	5	5	5	5	5	5	9	10	3	3	4	5	5	8	15	189	0	121	16	
4	3	3	4	4	5	5	5	5	5	9	18	11	3	3	4	5	5	5	8	16	121	0	193	
6	3	3	4	5	5	5	5	5	9	18	123	16	3	3	4	5	5	5	5	8	16	193	0	
initial_ranks:avg:15.3967 min:2 max:202
24 24
0	67	60	39	52	44	17	14	10	10	16	14	3	3	3	3	3	3	3	3	3	4	4	6	
67	0	51	4	3	3	3	3	3	3	3	3	2	2	3	3	3	3	3	3	3	3	3	3	
61	51	0	79	6	4	3	3	3	3	3	3	3	3	3	3	3	3	3	3	3	3	3	3	
39	4	79	0	74	8	5	4	4	4	4	4	3	3	3	3	3	3	3	3	3	4	4	4	
52	3	6	74	0	76	11	5	5	5	5	5	3	3	3	3	3	3	4	4	4	4	4	5	
44	3	4	8	75	0	107	14	7	5	5	5	3	3	3	3	3	4	4	4	4	5	5	5	
17	3	3	5	11	107	0	189	15	8	5	5	3	3	3	3	4	4	4	5	5	5	5	5	
14	3	3	4	5	14	188	0	107	15	8	5	3	3	3	3	4	4	5	5	5	5	5	5	
10	3	3	4	5	7	15	107	0	202	16	8	3	3	3	3	4	4	5	5	5	5	5	5	
10	3	3	4	5	5	8	15	201	0	111	16	4	3	3	4	4	5	5	5	5	5	5	9	
16	3	3	4	5	5	5	8	16	111	0	200	4	3	3	4	4	5	5	5	5	5	9	18	
14	3	3	4	5	5	5	5	8	16	200	0   8	3	3	4	4	5	5	5	5	9	18	123	
3	2	3	3	3	3	3	3	3	4	4	9	0	69	21	30	43	44	21	13	10	10	11	16	
3	2	3	3	3	3	3	3	3	3	3	3	70	0	50	4	3	3	3	3	3	3	3	3	
3	3	3	3	3	3	3	3	3	3	3	3	21	50	0	68	6	4	3	3	3	3	3	3	
3	3	3	3	3	3	3	3	3	4	4	4	30	4	68	0	72	8	5	4	4	4	4	4	
3	3	3	3	3	3	4	4	4	4	4	4	43	3	6	72	0	98	11	5	5	5	5	5	
3	3	3	3	3	4	4	4	4	5	5	5	44	3	4	8	98	0	100	14	7	5	5	5	
3	3	3	3	4	4	4	5	5	5	5	5	20	3	3	5	11	100	0	189	15	8	5	5	
3	3	3	3	4	4	5	5	5	5	5	5	13	3	3	4	5	14	188	0	112	15	8	5	
3	3	3	3	4	4	5	5	5	5	5	5	10	3	3	4	5	7	15	112	0	190	16	8	
4	3	3	4	4	5	5	5	5	5	5	9	10	3	3	4	5	5	8	15	189	0	121	16	
4	3	3	4	4	5	5	5	5	5	9	18	11	3	3	4	5	5	5	8	16	121	0	193	
6	3	3	4	5	5	5	5	5	9	18	123	16	3	3	4	5	5	5	5	8	16	193	0	
final_ranks:avg:15.3967 min:2 max:202
  43920   43920   43920    13.849      0.00 +-   0.00  

!END: M:43920 N:43920 MB:1830 NB:1830 MAXRANK:1830 DATE:Sat Oct 19 08:40:20 +03 2019 SCHED:prio CMD:/home/akbudak/hicma-dev/build/timing/time_zgetrf_tile --m=43920 --n_range=43920:43920 --k=43920 --mb=1830 --nb=1830 --nowarmup --threads=40 --p=1 --rk=0 --acc=1 --ss --starshwavek=0 --starshdecay=0 --starshmaxrank=3660 --ntrian=7320 --nipp=6 --isPrecent=0 --solve=0 MAXSUB:50 MINSUB:40 CASE:/home/akbudak/hicma-dev/exp/cases/lu-vul-ka.sh SECOND:521 MINUTE:8 HOUR:0
Sat Oct 19 08:49:02 +03 2019

!BEGIN: M:43920 N:43920 MB:1830 NB:1830 MAXRANK:1830 DATE:Sat Oct 19 08:49:02 +03 2019 SCHED:prio CMD:/home/akbudak/hicma-dev/build/timing/time_zgetrf_tile --m=43920 --n_range=43920:43920 --k=43920 --mb=1830 --nb=1830 --nowarmup --threads=40 --p=1 --rk=0 --acc=2 --ss --starshwavek=0 --starshdecay=0 --starshmaxrank=3660 --ntrian=7320 --nipp=6 --isPrecent=0 --solve=0 MAXSUB:50 MINSUB:40 CASE:/home/akbudak/hicma-dev/exp/cases/lu-vul-ka.sh
#
# morse /home/akbudak/hicma-dev/build/timing/time_zgetrf_tile
# Nb threads:  40
# Nb GPUs:     0
# MB:          1830
# NB:          1830
# IB:          32
# eps:         1.110223e-16
# fixed rank:  0
# fixed acc:   1.0e-02
# alwaysfixedrank:      0
# wave_k:     0
# shmaxrk:     3660
# shprob:      2
# shdecay:     0.000000e+00
# reorder inner products:     0
# nipp:			    6
# ntrian:      7320
#
#     M       N  K/NRHS   seconds   Gflop/s Deviation

 ************************I am in complex part ************************

 nip:6 , ntrian:7320 N:43920, NB:1830

 global_nt:24 local_nt:305 N:43920 NB:1830 
 nipp =            6
 read inmom is done!
 read curve file is done!
 number of triangles:        7320
 NUMBER OF UNKNOWNS:       43920
 the whole program is done!
 NUMBER OF UNKNOWNS:       43920
Tcompress:398.766
24 24
0	221	192	142	167	147	71	63	46	45	65	49	12	5	5	5	5	5	6	7	8	9	11	19	
223	0	175	16	9	6	5	5	5	5	5	5	5	3	4	5	5	5	5	5	5	5	5	5	
194	176	0	230	24	13	9	7	5	5	5	5	5	4	5	5	5	5	5	5	5	5	5	5	
142	16	231	0	235	28	16	12	9	7	7	6	5	5	5	5	5	5	5	6	6	6	6	6	
170	9	24	235	0	250	36	20	15	11	9	7	5	5	5	5	5	6	6	7	7	7	7	7	
149	6	13	28	250	0	320	48	24	17	13	10	5	5	5	5	6	6	7	7	7	7	7	7	
72	5	9	16	36	321	0	398	51	26	18	13	6	5	5	5	6	7	7	7	7	7	8	11	
63	5	7	12	20	49	398	0	341	53	26	18	6	5	5	6	7	7	7	7	7	8	11	14	
47	5	5	9	15	24	50	341	0	418	55	28	8	5	5	6	7	7	7	7	8	11	15	19	
45	5	5	7	11	17	26	54	418	0	345	55	9	5	5	6	7	7	7	8	11	15	20	28	
65	5	5	7	9	13	18	26	54	346	0	412	13	5	5	6	7	7	8	11	15	20	31	62	
50	5	5	6	7	10	13	18	28	56	413	0	29	5	5	6	7	7	11	14	19	29	61	366	
12	5	5	5	5	5	6	6	8	9	13	29	0	236	94	115	148	145	82	55	46	50	50	55	
5	3	4	5	5	5	5	5	5	5	5	5	238	0	181	18	10	7	5	5	5	5	5	5	
5	4	5	5	5	5	5	5	5	5	5	5	95	182	0	220	24	13	10	7	6	5	5	5	
5	5	5	5	5	5	5	6	6	6	6	6	115	18	221	0	236	30	17	13	10	7	7	6	
5	5	5	5	5	6	6	7	7	7	7	7	150	10	24	235	0	278	37	21	15	11	9	7	
5	5	5	5	6	6	7	7	7	7	7	7	147	7	13	30	279	0	314	49	24	17	13	10	
6	5	5	5	6	7	7	7	7	7	8	11	83	5	10	17	37	316	0	401	52	26	18	14	
7	5	5	6	7	7	7	7	7	8	11	14	55	5	7	13	21	49	401	0	346	52	26	18	
8	5	5	6	7	7	7	7	8	11	15	19	47	5	6	10	15	24	51	346	0	405	55	28	
9	5	5	6	7	7	7	8	11	15	20	29	49	5	5	7	11	17	26	53	405	0	355	56	
11	5	5	6	7	7	8	11	15	20	31	62	50	5	5	7	9	13	18	26	54	355	0	409	
19	5	5	6	7	7	11	14	19	28	60	366	56	5	5	6	7	10	14	18	28	57	409	0	
initial_ranks:avg:42.4094 min:3 max:418
24 24
0	221	192	142	167	147	71	63	46	45	65	49	12	5	5	5	5	5	6	7	8	9	11	19	
223	0	175	16	9	6	5	5	5	5	5	5	5	3	4	5	5	5	5	5	5	5	5	5	
194	176	0	230	24	13	9	7	5	5	5	5	5	4	5	5	5	5	5	5	5	5	5	5	
142	16	231	0	235	28	16	12	9	7	7	6	5	5	5	5	5	5	5	6	6	6	6	6	
170	9	24	235	0	250	36	20	15	11	9	7	5	5	5	5	5	6	6	7	7	7	7	7	
149	6	13	28	250	0	320	48	24	17	13	10	5	5	5	5	6	6	7	7	7	7	7	7	
72	5	9	16	36	321	0	398	51	26	18	13	6	5	5	5	6	7	7	7	7	7	8	11	
63	5	7	12	20	49	398	0	341	53	26	18	6	5	5	6	7	7	7	7	7	8	11	14	
47	5	5	9	15	24	50	341	0	418	55	28	8	5	5	6	7	7	7	7	8	11	15	19	
45	5	5	7	11	17	26	54	418	0	345	55	9	5	5	6	7	7	7	8	11	15	20	28	
65	5	5	7	9	13	18	26	54	346	0	412	13	5	5	6	7	7	8	11	15	20	31	62	
50	5	5	6	7	10	13	18	28	56	413	0	29	5	5	6	7	7	11	14	19	29	61	366	
12	5	5	5	5	5	6	6	8	9	13	29	0	236	94	115	148	145	82	55	46	50	50	55	
5	3	4	5	5	5	5	5	5	5	5	5	238	0	181	18	10	7	5	5	5	5	5	5	
5	4	5	5	5	5	5	5	5	5	5	5	95	182	0	220	24	13	10	7	6	5	5	5	
5	5	5	5	5	5	5	6	6	6	6	6	115	18	221	0	236	30	17	13	10	7	7	6	
5	5	5	5	5	6	6	7	7	7	7	7	150	10	24	235	0	278	37	21	15	11	9	7	
5	5	5	5	6	6	7	7	7	7	7	7	147	7	13	30	279	0	314	49	24	17	13	10	
6	5	5	5	6	7	7	7	7	7	8	11	83	5	10	17	37	316	0	401	52	26	18	14	
7	5	5	6	7	7	7	7	7	8	11	14	55	5	7	13	21	49	401	0	346	52	26	18	
8	5	5	6	7	7	7	7	8	11	15	19	47	5	6	10	15	24	51	346	0	405	55	28	
9	5	5	6	7	7	7	8	11	15	20	29	49	5	5	7	11	17	26	53	405	0	355	56	
11	5	5	6	7	7	8	11	15	20	31	62	50	5	5	7	9	13	18	26	54	355	0	409	
19	5	5	6	7	7	11	14	19	28	60	366	56	5	5	6	7	10	14	18	28	57	409	0	
final_ranks:avg:42.4094 min:3 max:418
  43920   43920   43920    26.860      0.00 +-   0.00  

!END: M:43920 N:43920 MB:1830 NB:1830 MAXRANK:1830 DATE:Sat Oct 19 08:49:02 +03 2019 SCHED:prio CMD:/home/akbudak/hicma-dev/build/timing/time_zgetrf_tile --m=43920 --n_range=43920:43920 --k=43920 --mb=1830 --nb=1830 --nowarmup --threads=40 --p=1 --rk=0 --acc=2 --ss --starshwavek=0 --starshdecay=0 --starshmaxrank=3660 --ntrian=7320 --nipp=6 --isPrecent=0 --solve=0 MAXSUB:50 MINSUB:40 CASE:/home/akbudak/hicma-dev/exp/cases/lu-vul-ka.sh SECOND:532 MINUTE:8 HOUR:0
Sat Oct 19 08:57:55 +03 2019

!BEGIN: M:43920 N:43920 MB:1830 NB:1830 MAXRANK:1830 DATE:Sat Oct 19 08:57:55 +03 2019 SCHED:prio CMD:/home/akbudak/hicma-dev/build/timing/time_zgetrf_tile --m=43920 --n_range=43920:43920 --k=43920 --mb=1830 --nb=1830 --nowarmup --threads=40 --p=1 --rk=0 --acc=3 --ss --starshwavek=0 --starshdecay=0 --starshmaxrank=3660 --ntrian=7320 --nipp=6 --isPrecent=0 --solve=0 MAXSUB:50 MINSUB:40 CASE:/home/akbudak/hicma-dev/exp/cases/lu-vul-ka.sh
#
# morse /home/akbudak/hicma-dev/build/timing/time_zgetrf_tile
# Nb threads:  40
# Nb GPUs:     0
# MB:          1830
# NB:          1830
# IB:          32
# eps:         1.110223e-16
# fixed rank:  0
# fixed acc:   1.0e-03
# alwaysfixedrank:      0
# wave_k:     0
# shmaxrk:     3660
# shprob:      2
# shdecay:     0.000000e+00
# reorder inner products:     0
# nipp:			    6
# ntrian:      7320
#
#     M       N  K/NRHS   seconds   Gflop/s Deviation

 ************************I am in complex part ************************

 nip:6 , ntrian:7320 N:43920, NB:1830

 global_nt:24 local_nt:305 N:43920 NB:1830 
 nipp =            6
 read inmom is done!
 read curve file is done!
 number of triangles:        7320
 NUMBER OF UNKNOWNS:       43920
 the whole program is done!
 NUMBER OF UNKNOWNS:       43920
Tcompress:398.503
24 24
0	311	265	220	245	220	124	106	84	84	105	80	24	7	8	9	10	12	13	14	16	19	25	42	
316	0	259	33	22	16	13	11	9	7	7	7	7	5	6	6	7	7	7	7	7	7	7	7	
271	261	0	339	50	28	22	18	15	12	10	7	9	6	7	7	7	7	7	7	7	7	7	7	
222	33	342	0	372	60	34	27	22	18	14	12	9	7	7	7	7	7	7	8	8	8	8	10	
249	22	50	372	0	398	76	42	32	26	20	16	10	7	7	7	8	8	8	9	9	10	12	13	
223	16	28	60	397	0	487	107	49	36	28	22	11	7	7	7	8	9	9	9	11	13	15	17	
125	13	22	34	76	488	0	573	114	55	38	30	13	7	7	8	8	9	9	11	13	15	19	23	
105	11	18	27	43	110	573	0	532	117	52	39	13	7	7	8	9	9	11	13	15	19	24	30	
84	9	15	22	32	49	110	532	0	603	121	58	15	7	7	8	9	11	13	15	19	25	33	41	
82	7	13	18	26	37	55	121	603	0	546	119	18	7	7	8	10	13	15	19	25	32	42	57	
107	7	10	15	20	28	38	52	117	547	0	605	28	7	7	8	12	15	19	24	33	42	66	133	
81	7	7	12	16	22	30	39	58	123	605	0	51	7	7	10	14	18	23	30	41	58	132	591	
23	7	9	9	10	11	13	13	15	19	28	52	0	325	152	174	213	216	135	97	84	86	84	86	
7	5	6	7	7	7	7	7	7	7	7	7	329	0	276	36	22	17	14	12	9	8	7	7	
8	6	7	7	7	7	7	7	7	7	7	7	153	277	0	337	50	28	22	18	15	13	10	7	
9	6	7	7	7	7	7	8	8	8	8	10	176	36	339	0	376	62	35	28	22	18	14	12	
10	7	7	7	8	8	8	9	9	10	12	14	217	22	49	375	0	425	80	44	32	27	21	16	
12	7	7	7	8	9	9	9	11	13	15	18	218	17	28	62	425	0	482	107	49	36	28	22	
13	7	7	7	8	9	9	11	13	15	19	23	136	14	22	35	79	484	0	580	115	55	38	30	
14	7	7	8	9	9	11	13	15	19	24	30	97	12	19	28	45	110	579	0	535	115	53	39	
16	7	7	8	9	11	13	15	19	25	33	41	85	10	15	22	32	49	112	536	0	590	120	58	
19	7	7	8	10	13	15	19	25	32	42	58	85	8	13	18	27	36	55	118	589	0	558	122	
25	7	7	8	12	15	19	24	33	42	65	133	84	7	10	15	21	28	38	53	118	559	0	602	
41	7	7	10	13	17	23	30	41	57	131	592	89	7	7	12	17	22	30	39	58	124	603	0	
initial_ranks:avg:69.5362 min:5 max:605
24 24
0	311	265	220	245	220	124	106	84	84	105	80	24	7	8	9	10	12	13	14	16	19	25	42	
316	0	259	33	22	16	13	11	9	7	7	7	7	5	6	6	7	7	7	7	7	7	7	7	
271	261	0	339	50	28	22	18	15	12	10	7	9	6	7	7	7	7	7	7	7	7	7	7	
222	33	342	0	372	60	34	27	22	18	14	12	9	7	7	7	7	7	7	8	8	8	8	10	
249	22	50	372	0	398	76	42	32	26	20	16	10	7	7	7	8	8	8	9	9	10	12	13	
223	16	28	60	397	0	487	107	49	36	28	22	11	7	7	7	8	9	9	9	11	13	15	17	
125	13	22	34	76	488	0	573	114	55	38	30	13	7	7	8	8	9	9	11	13	15	19	23	
105	11	18	27	43	110	573	0	532	117	52	39	13	7	7	8	9	9	11	13	15	19	24	30	
84	9	15	22	32	49	110	532	0	603	121	58	15	7	7	8	9	11	13	15	19	25	33	41	
82	7	13	18	26	37	55	121	603	0	546	119	18	7	7	8	10	13	15	19	25	32	42	57	
107	7	10	15	20	28	38	52	117	547	0	605	28	8	7	8	12	15	19	24	33	42	66	133	
81	7	7	12	16	22	30	39	58	123	605	0	51	8	7	10	14	18	23	30	41	58	132	591	
23	7	9	9	10	11	13	13	15	19	28	52	0	325	152	174	213	216	135	97	84	86	84	86	
7	5	6	7	7	7	7	7	7	7	7	7	329	0	276	36	22	17	14	12	9	8	8	7	
8	6	7	7	7	7	7	7	7	7	7	7	153	277	0	337	50	28	22	18	15	13	10	7	
9	6	7	7	7	7	7	8	8	8	8	10	176	36	339	0	376	62	35	28	22	18	14	12	
10	7	7	7	8	8	8	9	9	10	12	14	217	22	49	375	0	425	80	44	32	27	21	16	
12	7	7	7	8	9	9	9	11	13	15	18	218	17	28	62	425	0	482	107	49	36	28	22	
13	7	7	7	8	9	9	11	13	15	19	23	136	14	22	35	79	484	0	580	115	55	38	30	
14	7	7	8	9	9	11	13	15	19	24	30	97	12	19	28	45	110	579	0	535	115	53	39	
16	7	7	8	9	11	13	15	19	25	33	41	85	10	15	22	32	49	112	536	0	590	120	58	
19	7	7	8	10	13	15	19	25	32	42	58	85	8	13	18	27	36	55	118	589	0	558	122	
25	7	7	8	12	15	19	24	33	42	65	133	84	8	10	15	21	28	38	53	118	559	0	602	
41	7	7	10	13	17	23	30	41	57	131	592	89	8	7	12	17	22	30	39	58	124	603	0	
final_ranks:avg:69.5453 min:5 max:605
  43920   43920   43920    59.214      0.00 +-   0.00  

!END: M:43920 N:43920 MB:1830 NB:1830 MAXRANK:1830 DATE:Sat Oct 19 08:57:55 +03 2019 SCHED:prio CMD:/home/akbudak/hicma-dev/build/timing/time_zgetrf_tile --m=43920 --n_range=43920:43920 --k=43920 --mb=1830 --nb=1830 --nowarmup --threads=40 --p=1 --rk=0 --acc=3 --ss --starshwavek=0 --starshdecay=0 --starshmaxrank=3660 --ntrian=7320 --nipp=6 --isPrecent=0 --solve=0 MAXSUB:50 MINSUB:40 CASE:/home/akbudak/hicma-dev/exp/cases/lu-vul-ka.sh SECOND:565 MINUTE:9 HOUR:0
Sat Oct 19 09:07:20 +03 2019

!BEGIN: M:43920 N:43920 MB:1830 NB:1830 MAXRANK:1830 DATE:Sat Oct 19 09:07:20 +03 2019 SCHED:prio CMD:/home/akbudak/hicma-dev/build/timing/time_zgetrf_tile --m=43920 --n_range=43920:43920 --k=43920 --mb=1830 --nb=1830 --nowarmup --threads=40 --p=1 --rk=0 --acc=4 --ss --starshwavek=0 --starshdecay=0 --starshmaxrank=3660 --ntrian=7320 --nipp=6 --isPrecent=0 --solve=0 MAXSUB:50 MINSUB:40 CASE:/home/akbudak/hicma-dev/exp/cases/lu-vul-ka.sh
#
# morse /home/akbudak/hicma-dev/build/timing/time_zgetrf_tile
# Nb threads:  40
# Nb GPUs:     0
# MB:          1830
# NB:          1830
# IB:          32
# eps:         1.110223e-16
# fixed rank:  0
# fixed acc:   1.0e-04
# alwaysfixedrank:      0
# wave_k:     0
# shmaxrk:     3660
# shprob:      2
# shdecay:     0.000000e+00
# reorder inner products:     0
# nipp:			    6
# ntrian:      7320
#
#     M       N  K/NRHS   seconds   Gflop/s Deviation

 ************************I am in complex part ************************

 nip:6 , ntrian:7320 N:43920, NB:1830

 global_nt:24 local_nt:305 N:43920 NB:1830 
 nipp =            6
 read inmom is done!
 read curve file is done!
 number of triangles:        7320
 NUMBER OF UNKNOWNS:       43920
 the whole program is done!
 NUMBER OF UNKNOWNS:       43920
Tcompress:399.581
24 24
0	396	329	296	311	283	183	149	121	122	139	109	39	11	13	15	17	18	20	22	27	33	44	67	
402	0	342	61	32	26	23	21	18	16	14	12	10	8	9	9	10	10	11	11	12	12	12	12	
331	346	0	440	88	45	33	29	26	24	21	19	13	9	10	11	12	12	12	12	12	12	15	17	
302	61	442	0	484	105	57	40	33	30	26	24	15	9	11	12	12	12	12	12	15	17	20	22	
317	32	88	486	0	517	131	73	46	38	33	30	16	10	12	12	12	12	13	17	19	22	25	27	
286	26	45	105	519	0	627	182	83	56	42	36	18	11	12	12	12	14	17	20	23	27	29	32	
184	23	33	57	130	631	0	730	191	100	59	44	19	11	12	12	13	17	20	23	27	30	34	38	
150	21	29	40	74	184	729	0	681	199	90	60	22	12	12	12	17	20	23	27	30	34	39	45	
121	18	26	33	46	83	189	681	0	759	202	105	27	12	12	15	19	23	27	30	35	40	48	64	
122	16	24	30	38	57	100	201	760	0	692	204	33	12	12	18	22	27	30	34	40	48	67	98	
140	14	21	26	33	42	58	90	201	694	0	761	48	12	15	20	25	29	34	39	48	68	118	223	
112	12	19	24	30	36	44	60	105	206	763	0	73	12	17	22	27	32	38	46	64	100	225	742	
38	10	13	15	16	18	19	22	27	33	48	73	0	403	210	234	275	275	187	142	121	120	116	113	
11	8	9	9	10	11	11	12	12	12	12	12	406	0	363	65	34	27	24	22	19	17	15	13	
13	9	10	11	12	12	12	12	12	12	15	17	211	364	0	438	88	46	33	29	26	24	21	19	
15	9	11	12	12	12	12	12	15	18	20	22	237	65	442	0	488	109	57	40	34	30	27	24	
17	10	12	12	12	12	13	17	19	22	25	27	279	34	88	491	0	553	137	78	48	39	33	30	
18	10	12	12	12	14	17	20	23	27	29	32	278	27	46	109	554	0	622	183	84	56	42	36	
20	11	12	12	13	17	20	23	27	30	34	38	190	24	33	57	138	626	0	736	193	99	59	44	
22	11	12	12	17	20	23	27	30	34	39	46	143	22	29	40	78	185	736	0	687	196	90	60	
27	12	12	15	19	23	27	30	35	40	48	64	123	19	26	34	48	84	191	687	0	744	202	105	
33	12	13	17	22	27	30	34	40	48	68	100	121	17	24	30	39	57	99	198	743	0	707	207	
43	12	15	20	25	29	34	39	48	67	118	224	116	15	21	27	33	42	58	90	201	707	0	758	
68	12	17	22	27	32	38	45	64	98	224	745	114	13	19	24	30	36	44	61	105	209	761	0	
initial_ranks:avg:98.2337 min:8 max:763
24 24
0	396	329	296	311	283	183	149	121	122	139	109	39	11	13	15	17	18	20	22	27	33	44	67	
402	0	342	61	32	26	23	21	18	16	14	12	10	8	9	9	10	10	11	11	12	12	12	12	
331	346	0	440	88	45	33	29	26	24	21	19	13	9	10	11	12	12	12	12	12	12	15	17	
302	61	442	0	484	105	57	40	33	30	26	24	15	9	11	12	12	12	12	12	15	17	20	22	
317	32	88	486	0	517	131	73	46	38	33	30	16	10	12	12	12	12	13	17	19	22	25	27	
286	26	45	105	519	0	627	182	83	56	42	36	18	11	12	12	12	14	17	20	23	27	29	32	
184	23	33	57	130	631	0	730	191	100	59	44	19	11	12	12	13	17	20	23	27	30	34	38	
150	21	29	40	74	184	729	0	681	199	90	60	22	12	12	12	17	20	23	27	30	34	39	45	
121	18	26	33	46	83	189	681	0	759	202	105	27	12	12	15	19	23	27	30	35	40	48	64	
122	16	24	30	38	57	100	201	760	0	692	204	33	12	12	18	22	27	30	34	40	48	67	98	
140	14	21	26	33	42	58	90	201	694	0	761	48	12	15	20	25	29	34	39	48	68	118	223	
112	12	19	24	30	36	44	60	105	206	763	0	73	12	17	22	27	32	38	46	64	100	225	742	
38	10	13	15	16	18	19	22	27	33	48	73	0	403	210	234	275	275	187	142	121	120	116	113	
11	8	9	9	10	11	11	12	12	12	12	12	406	0	363	65	34	27	24	22	19	17	15	13	
13	9	10	11	12	12	12	12	12	12	15	17	211	364	0	438	88	46	33	29	26	24	21	19	
15	9	11	12	12	12	12	12	15	18	20	22	237	65	442	0	488	109	57	40	34	30	27	24	
17	10	12	12	12	12	13	17	19	22	25	27	279	34	88	491	0	553	137	78	48	39	33	30	
18	10	12	12	12	14	17	20	23	27	29	32	278	27	46	109	554	0	622	183	84	56	42	36	
20	11	12	12	13	17	20	23	27	30	34	38	190	24	33	57	138	626	0	736	193	99	59	44	
22	11	12	12	17	20	23	27	30	34	39	46	143	22	29	40	78	185	736	0	687	196	90	60	
27	12	12	15	19	23	27	30	35	40	48	64	123	19	26	34	48	84	191	687	0	744	202	105	
33	12	13	17	22	27	30	34	40	48	68	100	121	17	24	30	39	57	99	198	743	0	707	207	
43	12	15	20	25	29	34	39	48	67	118	224	116	15	21	27	33	42	58	90	201	707	0	758	
68	12	17	22	27	32	38	45	64	98	224	745	114	13	19	24	30	36	44	61	105	209	761	0	
final_ranks:avg:98.2337 min:8 max:763
  43920   43920   43920   104.571      0.00 +-   0.00  

!END: M:43920 N:43920 MB:1830 NB:1830 MAXRANK:1830 DATE:Sat Oct 19 09:07:20 +03 2019 SCHED:prio CMD:/home/akbudak/hicma-dev/build/timing/time_zgetrf_tile --m=43920 --n_range=43920:43920 --k=43920 --mb=1830 --nb=1830 --nowarmup --threads=40 --p=1 --rk=0 --acc=4 --ss --starshwavek=0 --starshdecay=0 --starshmaxrank=3660 --ntrian=7320 --nipp=6 --isPrecent=0 --solve=0 MAXSUB:50 MINSUB:40 CASE:/home/akbudak/hicma-dev/exp/cases/lu-vul-ka.sh SECOND:611 MINUTE:10 HOUR:0
Sat Oct 19 09:17:32 +03 2019

!BEGIN: M:43920 N:43920 MB:1830 NB:1830 MAXRANK:1830 DATE:Sat Oct 19 09:17:32 +03 2019 SCHED:prio CMD:/home/akbudak/hicma-dev/build/timing/time_zgetrf_tile --m=43920 --n_range=43920:43920 --k=43920 --mb=1830 --nb=1830 --nowarmup --threads=40 --p=1 --rk=0 --acc=5 --ss --starshwavek=0 --starshdecay=0 --starshmaxrank=3660 --ntrian=7320 --nipp=6 --isPrecent=0 --solve=0 MAXSUB:50 MINSUB:40 CASE:/home/akbudak/hicma-dev/exp/cases/lu-vul-ka.sh
#
# morse /home/akbudak/hicma-dev/build/timing/time_zgetrf_tile
# Nb threads:  40
# Nb GPUs:     0
# MB:          1830
# NB:          1830
# IB:          32
# eps:         1.110223e-16
# fixed rank:  0
# fixed acc:   1.0e-05
# alwaysfixedrank:      0
# wave_k:     0
# shmaxrk:     3660
# shprob:      2
# shdecay:     0.000000e+00
# reorder inner products:     0
# nipp:			    6
# ntrian:      7320
#
#     M       N  K/NRHS   seconds   Gflop/s Deviation

 ************************I am in complex part ************************

 nip:6 , ntrian:7320 N:43920, NB:1830

 global_nt:24 local_nt:305 N:43920 NB:1830 
 nipp =            6
 read inmom is done!
 read curve file is done!
 number of triangles:        7320
 NUMBER OF UNKNOWNS:       43920
 the whole program is done!
 NUMBER OF UNKNOWNS:       43920
Tcompress:398.712
24 24
0	471	386	371	372	337	242	196	164	161	169	135	55	15	18	20	23	26	30	34	39	48	63	95	
475	0	418	90	52	35	30	27	25	24	23	21	15	10	12	12	13	14	14	14	14	14	17	18	
387	420	0	531	133	73	50	39	34	32	29	27	18	12	13	14	14	15	16	17	19	21	24	26	
374	91	534	0	600	157	89	65	46	39	35	32	20	12	14	15	16	17	20	22	24	26	28	30	
374	52	133	602	0	644	198	113	76	58	43	38	22	13	14	16	18	21	23	26	28	30	32	35	
338	35	73	157	646	0	765	276	128	92	63	48	26	14	15	17	21	24	26	28	31	34	38	42	
245	30	50	89	196	769	0	839	277	151	95	68	29	14	16	20	24	26	29	32	35	39	44	50	
196	27	39	66	114	269	838	0	833	302	138	95	33	14	17	22	26	28	32	35	39	45	53	68	
164	25	34	46	76	127	286	834	0	870	294	157	39	14	20	24	28	31	35	39	46	55	76	103	
163	24	32	39	58	93	151	292	871	0	845	310	47	15	22	26	30	34	39	44	55	73	106	150	
170	23	29	35	43	63	93	138	306	847	0	883	66	18	24	28	32	38	44	54	76	109	174	327	
138	21	27	32	38	48	68	97	157	299	882	0	95	19	26	30	35	42	50	68	101	153	342	914	
55	15	18	20	22	25	29	33	39	48	66	94	0	477	269	294	329	329	241	191	164	157	146	139	
15	10	12	12	13	14	14	14	14	14	18	19	476	0	448	97	55	37	31	28	27	25	24	22	
19	12	13	14	14	15	16	17	20	22	24	26	269	450	0	541	132	74	51	40	34	32	29	27	
21	12	14	15	16	17	20	22	24	26	28	30	296	98	542	0	608	164	90	66	47	40	35	32	
23	13	14	16	18	21	24	26	28	30	32	35	331	55	133	609	0	672	206	118	80	59	44	39	
26	14	15	17	21	24	26	28	31	34	38	42	329	37	74	164	674	0	761	277	129	91	63	48	
30	14	16	20	23	26	29	32	35	39	44	50	243	31	51	90	208	767	0	846	282	150	95	68	
34	14	17	22	26	28	32	35	39	44	54	68	192	29	40	67	119	270	845	0	837	297	139	96	
39	14	19	24	28	31	35	39	46	55	76	103	164	27	34	47	79	129	289	841	0	860	296	156	
48	14	21	26	30	34	39	45	55	73	107	153	157	25	32	40	59	92	150	289	859	0	861	316	
63	17	24	28	32	38	44	53	76	107	174	329	145	24	29	35	44	63	94	139	306	861	0	884	
96	18	26	30	35	42	50	68	101	150	341	913	139	22	27	32	39	48	69	97	156	306	882	0	
initial_ranks:avg:127.862 min:10 max:914
24 24
0	471	386	371	372	337	242	196	164	161	169	135	55	15	18	20	23	26	30	34	39	48	63	95	
475	0	418	90	52	35	30	27	25	24	23	21	15	10	12	12	13	14	14	14	14	14	17	18	
387	420	0	531	133	73	50	39	34	32	29	27	18	12	13	14	14	15	16	17	19	21	24	26	
374	91	534	0	600	157	89	65	46	39	35	32	20	12	14	15	16	17	20	22	24	26	28	30	
374	52	133	602	0	644	198	113	76	58	43	38	22	13	14	16	18	21	23	26	28	30	32	35	
338	35	73	157	646	0	765	276	128	92	63	48	26	14	15	17	21	24	26	28	31	34	38	42	
245	30	50	89	196	769	0	839	277	151	95	68	29	14	16	20	24	26	29	32	35	39	44	50	
196	27	39	66	114	269	838	0	833	302	138	95	33	14	17	22	26	28	32	35	39	45	53	68	
164	25	34	46	76	127	286	834	0	870	294	157	39	14	20	24	28	31	35	39	46	55	76	103	
163	24	32	39	58	93	151	292	871	0	845	310	47	15	22	26	30	34	39	44	55	73	106	150	
170	23	29	35	43	63	93	138	306	847	0	883	66	18	24	28	32	38	44	54	76	109	174	327	
138	21	27	32	38	48	68	97	157	299	882	0	95	19	26	30	35	42	51	68	101	153	342	914	
55	15	18	20	22	25	29	33	39	48	66	94	0	477	269	294	329	329	241	191	164	157	146	139	
15	10	12	12	13	14	14	14	14	14	18	19	476	0	448	97	55	37	31	28	27	25	24	22	
19	12	13	14	14	15	16	17	20	22	24	26	269	450	0	541	132	74	51	40	34	32	29	27	
21	12	14	15	16	17	20	22	24	26	28	30	296	98	542	0	608	164	90	66	47	40	35	32	
23	13	14	16	18	21	24	26	28	30	32	35	331	55	133	609	0	672	206	118	80	59	44	39	
26	14	15	17	21	24	26	28	31	34	38	42	329	37	74	164	674	0	761	277	129	91	63	48	
30	14	16	20	23	26	29	32	35	39	44	51	243	31	51	90	208	767	0	846	282	150	95	68	
34	14	17	22	26	28	32	35	39	44	54	68	192	29	40	67	119	270	845	0	837	297	139	96	
39	14	19	24	28	31	35	39	46	55	76	103	164	27	34	47	79	129	289	841	0	860	296	156	
48	14	21	26	30	34	39	45	55	73	107	153	157	25	32	40	59	92	150	289	859	0	861	316	
63	17	24	28	32	38	44	53	76	107	174	329	145	24	29	35	45	63	94	139	306	861	0	884	
96	18	26	30	35	42	50	68	101	150	341	913	139	22	27	32	39	48	69	97	156	306	882	0	
final_ranks:avg:127.868 min:10 max:914
  43920   43920   43920   167.336      0.00 +-   0.00  

!END: M:43920 N:43920 MB:1830 NB:1830 MAXRANK:1830 DATE:Sat Oct 19 09:17:32 +03 2019 SCHED:prio CMD:/home/akbudak/hicma-dev/build/timing/time_zgetrf_tile --m=43920 --n_range=43920:43920 --k=43920 --mb=1830 --nb=1830 --nowarmup --threads=40 --p=1 --rk=0 --acc=5 --ss --starshwavek=0 --starshdecay=0 --starshmaxrank=3660 --ntrian=7320 --nipp=6 --isPrecent=0 --solve=0 MAXSUB:50 MINSUB:40 CASE:/home/akbudak/hicma-dev/exp/cases/lu-vul-ka.sh SECOND:673 MINUTE:11 HOUR:0
Sat Oct 19 09:28:46 +03 2019

!BEGIN: M:43920 N:43920 MB:1830 NB:1830 MAXRANK:1830 DATE:Sat Oct 19 09:28:46 +03 2019 SCHED:prio CMD:/home/akbudak/hicma-dev/build/timing/time_zgetrf_tile --m=43920 --n_range=43920:43920 --k=43920 --mb=1830 --nb=1830 --nowarmup --threads=40 --p=1 --rk=0 --acc=6 --ss --starshwavek=0 --starshdecay=0 --starshmaxrank=3660 --ntrian=7320 --nipp=6 --isPrecent=0 --solve=0 MAXSUB:50 MINSUB:40 CASE:/home/akbudak/hicma-dev/exp/cases/lu-vul-ka.sh
#
# morse /home/akbudak/hicma-dev/build/timing/time_zgetrf_tile
# Nb threads:  40
# Nb GPUs:     0
# MB:          1830
# NB:          1830
# IB:          32
# eps:         1.110223e-16
# fixed rank:  0
# fixed acc:   1.0e-06
# alwaysfixedrank:      0
# wave_k:     0
# shmaxrk:     3660
# shprob:      2
# shdecay:     0.000000e+00
# reorder inner products:     0
# nipp:			    6
# ntrian:      7320
#
#     M       N  K/NRHS   seconds   Gflop/s Deviation

 ************************I am in complex part ************************

 nip:6 , ntrian:7320 N:43920, NB:1830

 global_nt:24 local_nt:305 N:43920 NB:1830 
 nipp =            6
 read inmom is done!
 read curve file is done!
 number of triangles:        7320
 NUMBER OF UNKNOWNS:       43920
 the whole program is done!
 NUMBER OF UNKNOWNS:       43920
Tcompress:396.195
24 24
0	560	447	446	428	385	302	247	211	206	200	165	73	21	24	27	32	36	39	46	53	66	87	124	
561	0	502	144	76	55	41	36	33	31	28	26	20	14	14	16	16	17	18	19	20	23	24	25	
449	505	0	634	197	108	76	60	47	41	37	34	24	14	17	18	18	20	23	26	28	29	30	32	
446	161	634	0	713	229	125	97	73	59	46	41	27	16	18	18	22	25	28	29	31	33	36	38	
430	77	204	713	0	774	281	163	109	89	66	52	31	17	18	22	26	28	30	32	35	38	41	45	
385	55	107	236	773	0	919	380	182	126	97	75	34	18	20	25	28	31	34	36	40	43	48	58	
305	41	75	132	286	917	0	990	388	221	130	105	39	18	24	28	30	34	36	40	45	50	64	79	
248	36	61	97	171	377	992	0	1004	417	194	132	44	19	26	30	32	36	40	44	51	63	82	104	
212	33	47	73	110	185	395	1005	0	1030	414	228	53	22	28	31	35	40	45	51	67	86	114	140	
208	31	41	60	89	129	221	408	1035	0	1023	425	65	24	29	33	38	43	50	62	84	110	146	211	
200	28	37	46	66	97	129	194	420	1025	0	1051	90	25	31	36	42	49	65	84	115	151	254	453	
167	26	35	41	53	76	105	133	229	420	1052	0	120	26	32	38	45	58	79	105	140	217	464	1088	
73	20	24	27	31	34	39	44	53	65	89	119	0	552	340	354	382	371	293	244	208	199	181	164	
21	14	14	16	17	18	18	19	22	24	25	26	554	0	537	152	81	58	43	37	33	31	29	27	
24	14	17	18	18	20	23	26	28	29	31	32	339	541	0	643	195	108	76	61	48	41	37	34	
27	16	18	18	22	25	28	30	31	33	36	38	355	170	645	0	720	238	126	98	74	59	46	41	
32	17	18	22	26	28	30	32	35	38	41	45	385	82	203	721	0	800	291	171	113	91	68	54	
36	17	20	25	28	31	34	36	40	43	49	58	371	58	113	243	798	0	912	382	184	126	97	75	
39	18	23	28	30	34	36	40	45	50	65	79	296	43	76	133	297	913	0	999	394	218	130	105	
45	19	26	29	32	36	40	44	51	62	83	104	244	37	61	98	177	376	1000	0	1012	411	196	132	
54	20	28	31	35	40	45	51	67	86	114	141	208	33	48	74	114	186	399	1009	0	1020	415	227	
66	23	29	33	38	43	50	63	85	111	149	215	199	31	41	60	91	128	218	403	1022	0	1035	432	
87	24	30	36	41	49	64	84	114	148	254	455	180	29	37	46	68	97	130	196	420	1036	0	1047	
126	25	32	38	45	58	78	104	140	212	462	1088	165	27	35	41	55	76	105	134	228	428	1051	0	
initial_ranks:avg:163.531 min:14 max:1088
24 24
0	560	447	446	428	385	302	247	211	206	200	165	73	21	24	27	32	36	39	46	53	66	87	124	
561	0	502	144	76	55	41	36	33	31	28	26	20	14	14	16	16	17	18	19	20	23	24	25	
449	505	0	634	197	108	76	60	47	41	37	34	24	14	17	18	18	20	23	26	28	29	30	32	
446	161	634	0	713	229	125	97	73	59	46	41	27	16	18	18	22	25	28	29	31	33	36	38	
430	77	204	713	0	774	281	163	109	89	66	52	31	17	18	22	26	28	30	32	35	38	41	45	
385	55	107	236	773	0	919	380	182	126	97	75	34	18	20	25	28	31	34	36	40	43	48	58	
305	41	75	132	286	917	0	990	388	221	130	105	39	18	24	28	30	34	36	40	45	50	64	79	
248	36	61	97	171	377	992	0	1004	417	194	132	44	19	26	30	32	36	40	44	51	63	82	104	
212	33	47	73	110	185	395	1005	0	1030	414	228	53	22	28	31	35	40	45	51	67	86	114	140	
208	31	41	60	89	129	221	408	1035	0	1023	425	65	24	29	33	38	43	50	62	84	110	146	211	
200	28	37	46	66	97	129	194	420	1025	0	1051	90	25	31	36	42	49	65	84	115	151	254	453	
167	26	35	41	53	76	105	133	229	420	1052	0	120	26	32	38	45	58	79	105	140	217	464	1224	
73	20	24	27	31	34	39	44	53	65	89	119	0	552	340	354	382	371	293	244	208	199	181	164	
21	14	14	16	17	18	18	19	22	24	25	26	554	0	537	152	81	58	43	37	33	31	29	27	
24	14	17	18	18	20	23	26	28	29	31	32	339	541	0	643	195	108	76	61	48	41	37	35	
27	16	18	18	22	25	28	30	31	33	36	38	355	170	645	0	720	238	126	98	74	59	46	41	
32	17	18	22	26	28	30	32	35	38	41	45	385	82	203	721	0	800	291	171	113	91	68	54	
36	17	20	25	28	31	34	36	40	43	49	58	371	58	113	243	798	0	912	382	184	126	97	75	
39	18	23	28	30	34	36	40	45	50	65	79	296	43	76	133	297	913	0	999	394	218	130	105	
45	19	26	29	32	36	40	44	51	62	83	104	244	37	61	98	177	376	1000	0	1012	411	196	132	
54	20	28	31	35	40	45	51	67	86	114	141	208	33	48	74	114	186	399	1009	0	1269	415	227	
66	23	29	33	38	43	50	63	85	111	149	215	199	31	41	60	91	128	218	403	1022	0	1035	432	
87	24	30	36	41	49	64	84	114	148	254	455	180	29	37	46	68	97	130	196	420	1036	0	1282	
126	25	32	38	45	58	78	104	140	212	462	1088	165	27	35	41	55	76	105	134	228	428	1051	0	
final_ranks:avg:164.656 min:14 max:1282
  43920   43920   43920   267.750      0.00 +-   0.00  

!END: M:43920 N:43920 MB:1830 NB:1830 MAXRANK:1830 DATE:Sat Oct 19 09:28:46 +03 2019 SCHED:prio CMD:/home/akbudak/hicma-dev/build/timing/time_zgetrf_tile --m=43920 --n_range=43920:43920 --k=43920 --mb=1830 --nb=1830 --nowarmup --threads=40 --p=1 --rk=0 --acc=6 --ss --starshwavek=0 --starshdecay=0 --starshmaxrank=3660 --ntrian=7320 --nipp=6 --isPrecent=0 --solve=0 MAXSUB:50 MINSUB:40 CASE:/home/akbudak/hicma-dev/exp/cases/lu-vul-ka.sh SECOND:772 MINUTE:12 HOUR:0
Sat Oct 19 09:41:38 +03 2019

