64 64
0	480	265	30	263	168	8	6	133	78	10	6	6	6	5	5	69	79	10	5	5	5	6	5	135	292	297	5	7	24	159	10	4	5	6	5	5	5	5	5	4	5	5	5	5	5	4	5	4	5	5	5	4	4	4	5	4	5	5	5	5	5	5	5	
458	0	419	10	178	348	209	10	306	118	58	6	20	7	6	5	79	69	7	5	5	5	5	5	78	111	107	5	6	7	24	6	5	5	6	6	6	6	5	6	5	5	6	6	5	5	5	5	5	5	5	5	4	5	5	5	5	5	5	5	5	5	5	6	
261	393	0	252	237	204	312	30	333	114	116	12	124	28	7	6	9	8	8	6	6	6	7	5	11	61	106	6	7	20	204	126	6	6	7	31	7	7	7	8	5	5	6	7	6	6	5	6	5	5	5	5	5	5	5	5	5	6	6	6	6	7	7	11	
29	10	221	0	409	177	31	84	6	5	6	6	5	5	5	5	5	5	6	5	5	5	5	5	6	7	9	6	6	9	144	274	6	6	31	510	132	76	9	68	5	5	6	5	5	5	5	5	5	5	5	5	5	5	5	5	5	6	6	6	6	7	10	138	
273	180	215	384	0	495	138	128	7	6	7	6	6	5	5	5	5	6	6	5	5	5	5	5	6	20	116	5	6	16	157	49	5	6	7	118	64	60	6	73	5	5	6	6	5	5	5	5	4	4	5	5	5	5	4	5	5	5	6	5	5	5	6	7	
165	340	219	164	448	0	467	311	28	7	25	10	20	6	6	5	6	6	6	5	5	6	5	5	6	7	32	5	6	7	26	7	5	6	7	73	59	63	7	115	5	5	6	6	6	5	5	5	5	5	5	5	5	5	5	5	5	5	6	5	5	6	5	6	
8	191	304	35	130	437	0	412	173	23	210	165	160	25	6	6	6	6	6	5	5	5	5	5	6	6	6	5	5	5	6	6	5	5	6	8	6	7	6	38	5	4	6	10	6	6	4	5	4	5	5	5	4	5	4	5	4	5	5	5	5	5	5	5	
6	10	26	81	117	277	390	0	9	6	121	303	54	7	6	6	5	5	5	5	5	5	5	5	5	5	6	5	5	5	6	6	5	6	7	67	73	116	42	491	6	5	10	149	7	6	6	6	5	5	5	5	5	5	5	5	5	5	6	5	5	5	5	5	
135	292	297	5	7	24	159	10	0	480	265	30	263	168	8	6	133	78	10	6	6	6	5	5	69	79	10	5	5	5	6	5	4	5	5	5	5	5	5	5	4	5	6	5	5	5	5	5	4	5	5	5	5	5	4	5	4	5	5	5	4	4	4	5	
78	111	107	5	6	7	24	6	458	0	419	10	178	348	209	10	306	118	58	6	20	7	6	5	79	69	7	5	5	5	5	5	5	5	5	5	5	5	5	6	5	5	6	6	6	6	5	6	5	5	6	6	5	5	5	5	5	5	5	5	4	5	5	5	
11	61	106	6	7	20	204	126	261	393	0	252	237	204	312	30	333	114	116	12	124	28	7	6	9	8	8	6	6	6	7	5	5	6	6	6	6	7	7	11	6	6	7	31	7	7	7	8	5	5	6	7	6	6	5	6	5	5	5	5	5	5	5	5	
6	7	9	6	6	9	144	274	29	10	221	0	409	177	31	84	6	5	6	6	5	5	5	5	5	5	6	5	5	5	5	5	5	6	6	6	6	7	10	138	6	6	31	510	132	76	9	68	5	5	6	5	5	5	5	5	5	5	5	5	5	5	5	5	
6	20	116	5	6	16	157	49	273	180	215	384	0	495	138	128	7	6	7	6	6	5	5	5	5	6	6	5	5	5	5	5	5	5	6	5	5	5	6	7	5	6	7	118	64	60	6	73	5	5	6	6	5	5	5	5	4	4	5	5	5	5	4	5	
6	7	32	5	6	7	26	7	165	340	219	164	448	0	467	311	28	7	25	10	20	6	6	5	6	6	6	5	5	6	5	5	5	5	6	5	5	6	5	6	5	6	7	73	59	63	7	115	5	5	6	6	6	5	5	5	5	5	5	5	5	5	5	5	
6	6	6	5	5	5	6	6	8	191	304	35	130	437	0	412	173	23	210	165	160	25	6	6	6	6	6	5	5	5	5	5	4	5	5	5	5	5	5	5	5	5	6	8	6	7	6	38	5	4	6	10	6	6	4	5	4	5	5	5	4	5	4	5	
5	5	6	5	5	5	6	6	6	10	26	81	117	277	390	0	9	6	121	303	54	7	6	6	5	5	5	5	5	5	5	5	5	5	6	5	5	5	5	5	5	6	7	67	73	116	42	491	6	5	10	149	7	6	6	6	5	5	5	5	5	5	5	5	
69	79	10	5	5	5	6	5	135	292	297	5	7	24	159	10	0	480	265	30	263	168	8	6	133	78	10	6	6	6	5	5	4	5	5	5	4	4	4	5	4	5	5	5	5	5	5	5	4	5	6	5	5	5	5	5	4	5	5	5	5	5	4	5	
79	69	7	5	5	5	5	5	78	111	107	5	6	7	24	6	458	0	419	10	178	348	209	10	306	118	58	6	20	7	6	5	5	5	5	5	4	5	5	5	5	5	5	5	5	5	5	6	5	5	6	6	6	6	5	6	5	5	6	6	5	5	5	5	
9	8	8	6	6	6	7	5	11	61	106	6	7	20	204	126	261	393	0	252	237	204	312	30	333	114	116	12	124	28	7	6	5	5	5	5	5	5	5	5	5	6	6	6	6	7	7	11	6	6	7	31	7	7	7	8	5	5	6	7	6	6	5	6	
5	5	6	5	5	5	5	5	6	7	9	6	6	9	144	274	29	10	221	0	409	177	31	84	6	5	6	6	5	5	5	5	5	5	5	5	5	5	5	5	5	6	6	6	6	7	10	138	6	6	31	510	132	76	9	68	5	5	6	5	5	5	5	5	
5	6	6	5	5	5	5	5	6	20	116	5	6	16	157	49	273	180	215	384	0	495	138	128	7	6	7	6	6	5	5	5	4	4	5	5	5	5	4	5	5	5	6	5	5	5	6	7	5	6	7	118	64	60	6	73	5	5	6	6	5	5	5	5	
6	6	6	5	5	6	5	5	6	7	32	5	6	7	26	7	165	340	219	164	448	0	467	311	28	7	25	10	20	6	6	5	5	5	5	5	5	5	5	5	5	5	6	5	5	6	5	6	5	6	7	73	59	63	7	115	5	5	6	6	6	5	5	5	
6	6	6	5	5	5	5	5	6	6	6	5	5	5	6	6	8	191	304	35	130	437	0	412	173	23	210	165	160	25	6	6	4	5	5	5	4	5	4	5	4	5	5	5	5	5	5	5	5	5	6	8	6	7	6	38	5	4	6	10	6	6	4	5	
5	5	5	5	5	5	5	5	5	5	6	5	5	5	6	6	6	10	26	81	117	277	390	0	9	6	121	303	54	7	6	6	5	5	5	5	5	5	5	5	5	5	6	5	5	5	5	5	5	6	7	67	73	116	42	491	6	5	10	149	7	6	6	6	
133	78	10	6	6	6	5	5	69	79	10	5	5	5	6	5	135	292	297	5	7	24	159	10	0	480	265	30	263	168	8	6	4	5	5	5	5	5	4	5	4	5	5	5	4	4	4	5	4	5	5	5	5	5	5	5	4	5	6	5	5	5	5	5	
306	118	58	6	20	7	6	5	79	69	7	5	5	5	5	5	78	111	107	5	6	7	24	6	458	0	419	10	178	348	209	10	5	5	6	6	5	5	5	5	5	5	5	5	4	5	5	5	5	5	5	5	5	5	5	6	5	5	6	6	6	6	5	6	
333	114	116	12	124	28	7	6	9	8	8	6	6	6	7	5	11	61	106	6	7	20	204	126	261	393	0	252	237	204	312	30	5	5	6	7	6	6	5	6	5	5	5	5	5	5	5	5	5	6	6	6	6	7	7	11	6	6	7	31	7	7	7	8	
6	5	6	6	5	5	5	5	5	5	6	5	5	5	5	5	6	7	9	6	6	9	144	274	29	10	221	0	409	177	31	84	5	5	6	5	5	5	5	5	5	5	5	5	5	5	5	5	5	6	6	6	6	7	10	138	6	6	31	510	132	76	9	68	
7	6	7	6	6	5	5	5	5	6	6	5	5	5	5	5	6	20	116	5	6	16	157	49	273	180	215	384	0	495	138	128	5	5	6	6	5	5	5	5	4	4	5	5	5	5	4	5	5	5	6	5	5	5	6	7	5	6	7	118	64	60	6	73	
28	7	25	10	20	6	6	5	6	6	6	5	5	6	5	5	6	7	32	5	6	7	26	7	165	340	219	164	448	0	467	311	5	5	6	6	6	5	5	5	5	5	5	5	5	5	5	5	5	5	6	5	5	6	5	6	5	6	7	73	59	63	7	115	
173	23	210	165	160	25	6	6	6	6	6	5	5	5	5	5	6	6	6	5	5	5	6	6	8	191	304	35	130	437	0	412	5	4	6	10	6	6	4	5	4	5	5	5	4	5	4	5	4	5	5	5	5	5	5	5	5	5	6	8	6	7	6	38	
9	6	121	303	54	7	6	6	5	5	5	5	5	5	5	5	5	5	6	5	5	5	6	6	6	10	26	81	117	277	390	0	6	5	10	149	7	6	6	6	5	5	5	5	5	5	5	5	5	5	6	5	5	5	5	5	5	6	7	67	73	116	42	491	
4	5	6	5	5	5	5	5	4	5	5	5	5	5	4	5	4	5	5	5	4	4	4	5	4	5	5	5	5	5	5	5	0	480	265	30	263	168	8	6	133	78	10	6	6	6	5	5	69	79	10	5	5	5	6	5	135	292	297	5	7	24	159	10	
5	5	6	6	6	6	5	6	5	5	6	6	5	5	5	5	5	5	5	5	4	5	5	5	5	5	5	5	5	5	5	6	458	0	419	10	178	348	209	10	306	118	58	6	20	7	6	5	79	69	7	5	5	5	5	5	78	111	107	5	6	7	24	6	
6	6	7	31	7	7	7	8	5	5	6	7	6	6	5	6	5	5	5	5	5	5	5	5	5	6	6	6	6	7	7	11	261	393	0	252	237	204	312	30	333	114	116	12	124	28	7	6	9	8	8	6	6	6	7	5	11	61	106	6	7	20	204	126	
6	6	31	510	132	76	9	68	5	5	6	5	5	5	5	5	5	5	5	5	5	5	5	5	5	6	6	6	6	7	10	138	29	10	221	0	409	177	31	84	6	5	6	6	5	5	5	5	5	5	6	5	5	5	5	5	6	7	9	6	6	9	144	274	
5	6	7	118	64	60	6	73	5	5	6	6	5	5	5	5	4	4	5	5	5	5	4	5	5	5	6	5	5	5	6	7	273	180	215	384	0	495	138	128	7	6	7	6	6	5	5	5	5	6	6	5	5	5	5	5	6	20	116	5	6	16	157	49	
5	6	7	73	59	63	7	115	5	5	6	6	6	5	5	5	5	5	5	5	5	5	5	5	5	5	6	5	5	6	5	6	165	340	219	164	448	0	467	311	28	7	25	10	20	6	6	5	6	6	6	5	5	6	5	5	6	7	32	5	6	7	26	7	
5	5	6	8	6	7	6	38	5	4	6	10	6	6	4	5	4	5	5	5	4	5	4	5	4	5	5	5	5	5	5	5	8	191	304	35	130	437	0	412	173	23	210	165	160	25	6	6	6	6	6	5	5	5	5	5	6	6	6	5	5	5	6	6	
5	6	7	67	73	116	42	491	6	5	10	149	7	6	6	6	5	5	5	5	5	5	5	5	5	5	6	5	5	5	5	5	6	10	26	81	117	277	390	0	9	6	121	303	54	7	6	6	5	5	5	5	5	5	5	5	5	5	6	5	5	5	6	6	
4	5	5	5	5	5	5	5	4	5	6	5	5	5	5	5	4	5	5	5	5	5	4	5	4	5	5	5	4	4	4	5	135	292	297	5	7	24	159	10	0	480	265	30	263	168	8	6	133	78	10	6	6	6	5	5	69	79	10	5	5	5	6	5	
5	5	5	5	5	5	5	6	5	5	6	6	6	6	5	6	5	5	6	6	5	5	5	5	5	5	5	5	4	5	5	5	78	111	107	5	6	7	24	6	458	0	419	10	178	348	209	10	306	118	58	6	20	7	6	5	79	69	7	5	5	5	5	5	
5	6	6	6	6	7	7	11	6	6	7	31	7	7	7	8	5	5	6	7	6	6	5	6	5	5	5	5	5	5	5	5	11	61	106	6	7	20	204	126	261	393	0	252	237	204	312	30	333	114	116	12	124	28	7	6	9	8	8	6	6	6	7	5	
5	6	6	6	6	7	10	138	6	6	31	510	132	76	9	68	5	5	6	5	5	5	5	5	5	5	5	5	5	5	5	5	6	7	9	6	6	9	144	274	29	10	221	0	409	177	31	84	6	5	6	6	5	5	5	5	5	5	6	5	5	5	5	5	
5	5	6	5	5	5	6	7	5	6	7	118	64	60	6	73	5	5	6	6	5	5	5	5	4	4	5	5	5	5	4	5	6	20	116	5	6	16	157	49	273	180	215	384	0	495	138	128	7	6	7	6	6	5	5	5	5	6	6	5	5	5	5	5	
5	5	6	5	5	6	5	6	5	6	7	73	59	63	7	115	5	5	6	6	6	5	5	5	5	5	5	5	5	5	5	5	6	7	32	5	6	7	26	7	165	340	219	164	448	0	467	311	28	7	25	10	20	6	6	5	6	6	6	5	5	6	5	5	
4	5	5	5	5	5	5	5	5	5	6	8	6	7	6	38	5	4	6	10	6	6	4	5	4	5	5	5	4	5	4	5	6	6	6	5	5	5	6	6	8	191	304	35	130	437	0	412	173	23	210	165	160	25	6	6	6	6	6	5	5	5	5	5	
5	5	6	5	5	5	5	5	5	6	7	67	73	116	42	491	6	5	10	149	7	6	6	6	5	5	5	5	5	5	5	5	5	5	6	5	5	5	6	6	6	10	26	81	117	277	390	0	9	6	121	303	54	7	6	6	5	5	5	5	5	5	5	5	
4	5	5	5	4	4	4	5	4	5	5	5	5	5	5	5	4	5	6	5	5	5	5	5	4	5	5	5	5	5	4	5	69	79	10	5	5	5	6	5	135	292	297	5	7	24	159	10	0	480	265	30	263	168	8	6	133	78	10	6	6	6	5	5	
5	5	5	5	4	5	5	5	5	5	5	5	5	5	5	6	5	5	6	6	6	6	5	6	5	5	6	6	5	5	5	5	79	69	7	5	5	5	5	5	78	111	107	5	6	7	24	6	458	0	419	10	178	348	209	10	306	118	58	6	20	7	6	5	
5	5	5	5	5	5	5	5	5	6	6	6	6	7	7	11	6	6	7	31	7	7	7	8	5	5	6	7	6	6	5	6	9	8	8	6	6	6	7	5	11	61	106	6	7	20	204	126	261	393	0	252	237	204	312	30	333	114	116	12	124	28	7	6	
5	5	5	5	5	5	5	5	5	6	6	6	6	7	10	138	6	6	31	510	132	76	9	68	5	5	6	5	5	5	5	5	5	5	6	5	5	5	5	5	6	7	9	6	6	9	144	274	29	10	221	0	409	177	31	84	6	5	6	6	5	5	5	5	
4	4	5	5	5	5	4	5	5	5	6	5	5	5	6	7	5	6	7	118	64	60	6	73	5	5	6	6	5	5	5	5	5	6	6	5	5	5	5	5	6	20	116	5	6	16	157	49	273	180	215	384	0	495	138	128	7	6	7	6	6	5	5	5	
5	5	5	5	5	5	5	5	5	5	6	5	5	6	5	6	5	6	7	73	59	63	7	115	5	5	6	6	6	5	5	5	6	6	6	5	5	6	5	5	6	7	32	5	6	7	26	7	165	340	219	164	448	0	467	311	28	7	25	10	20	6	6	5	
4	5	5	5	4	5	4	5	4	5	5	5	5	5	5	5	5	5	6	8	6	7	6	38	5	4	6	10	6	6	4	5	6	6	6	5	5	5	5	5	6	6	6	5	5	5	6	6	8	191	304	35	130	437	0	412	173	23	210	165	160	25	6	6	
5	5	5	5	5	5	5	5	5	5	6	5	5	5	5	5	5	6	7	67	73	116	42	491	6	5	10	149	7	6	6	6	5	5	5	5	5	5	5	5	5	5	6	5	5	5	6	6	6	10	26	81	117	277	390	0	9	6	121	303	54	7	6	6	
4	5	5	5	5	5	4	5	4	5	5	5	4	4	4	5	4	5	5	5	5	5	5	5	4	5	6	5	5	5	5	5	133	78	10	6	6	6	5	5	69	79	10	5	5	5	6	5	135	292	297	5	7	24	159	10	0	480	265	30	263	168	8	6	
5	5	6	6	5	5	5	5	5	5	5	5	4	5	5	5	5	5	5	5	5	5	5	6	5	5	6	6	6	6	5	6	306	118	58	6	20	7	6	5	79	69	7	5	5	5	5	5	78	111	107	5	6	7	24	6	458	0	419	10	178	348	209	10	
5	5	6	7	6	6	5	6	5	5	5	5	5	5	5	5	5	6	6	6	6	7	7	11	6	6	7	31	7	7	7	8	333	114	116	12	124	28	7	6	9	8	8	6	6	6	7	5	11	61	106	6	7	20	204	126	261	393	0	252	237	204	312	30	
5	5	6	5	5	5	5	5	5	5	5	5	5	5	5	5	5	6	6	6	6	7	10	138	6	6	31	510	132	76	9	68	6	5	6	6	5	5	5	5	5	5	6	5	5	5	5	5	6	7	9	6	6	9	144	274	29	10	221	0	409	177	31	84	
5	5	6	6	5	5	5	5	4	4	5	5	5	5	4	5	5	5	6	5	5	5	6	7	5	6	7	118	64	60	6	73	7	6	7	6	6	5	5	5	5	6	6	5	5	5	5	5	6	20	116	5	6	16	157	49	273	180	215	384	0	495	138	128	
5	5	6	6	6	5	5	5	5	5	5	5	5	5	5	5	5	5	6	5	5	6	5	6	5	6	7	73	59	63	7	115	28	7	25	10	20	6	6	5	6	6	6	5	5	6	5	5	6	7	32	5	6	7	26	7	165	340	219	164	448	0	467	311	
5	4	6	10	6	6	4	5	4	5	5	5	4	5	4	5	4	5	5	5	5	5	5	5	5	5	6	8	6	7	6	38	173	23	210	165	160	25	6	6	6	6	6	5	5	5	5	5	6	6	6	5	5	5	6	6	8	191	304	35	130	437	0	412	
6	5	10	149	7	6	6	6	5	5	5	5	5	5	5	5	5	5	6	5	5	5	5	5	5	6	7	67	73	116	42	491	9	6	121	303	54	7	6	6	5	5	5	5	5	5	5	5	5	5	6	5	5	5	6	6	6	10	26	81	117	277	390	0	
