64 64
0	480	265	30	263	168	8	6	133	78	10	6	6	6	5	5	69	79	10	5	5	5	6	5	135	292	297	5	7	24	159	10	4	5	6	5	5	5	5	5	4	5	5	5	5	5	4	5	4	5	5	5	4	4	4	5	4	5	5	5	5	5	5	5	
458	0	427	15	201	353	209	10	312	121	58	6	20	7	6	5	81	72	7	5	5	5	5	5	88	135	137	5	6	13	45	7	5	5	6	6	6	6	5	6	5	5	6	6	5	5	5	5	5	5	5	5	4	5	5	5	5	5	5	5	5	5	5	6	
261	399	0	252	250	211	312	30	338	119	117	12	124	28	7	6	14	12	8	6	6	6	7	5	18	71	117	6	7	20	204	126	6	6	7	31	7	7	7	8	5	5	6	7	6	6	5	6	5	5	5	5	5	5	5	5	5	6	6	6	6	7	7	11	
29	16	221	0	412	180	31	84	6	5	6	6	5	5	5	5	5	5	6	5	5	5	5	5	6	11	18	6	6	9	150	274	6	6	31	510	132	76	9	68	5	5	6	5	5	5	5	5	5	5	5	5	5	5	5	5	5	6	6	6	6	7	10	138	
273	212	235	386	0	501	140	128	25	18	10	6	7	6	5	5	17	19	7	5	5	6	5	5	25	53	138	5	6	18	162	55	5	6	7	131	64	60	6	73	5	5	6	6	5	5	5	5	4	5	5	5	5	5	4	5	5	5	6	5	5	6	6	8	
165	348	228	164	451	0	473	315	40	8	26	10	21	6	5	5	7	7	6	5	5	6	5	5	8	20	44	5	6	7	30	7	5	6	7	82	61	63	7	116	5	5	6	6	6	5	5	5	4	5	5	5	5	5	5	5	5	5	6	5	5	6	5	6	
8	191	306	35	130	439	0	415	182	25	210	165	160	25	6	6	6	6	6	5	5	5	5	5	6	6	6	4	5	5	6	6	5	5	6	13	7	8	6	39	5	4	6	10	6	6	4	5	4	5	5	5	4	5	4	5	4	5	5	5	5	5	4	5	
6	10	26	81	117	277	392	0	16	6	127	303	61	7	6	6	5	5	5	5	5	5	5	5	5	5	6	5	5	5	6	5	5	6	7	67	73	116	42	491	6	5	10	149	7	6	6	6	5	5	5	5	5	5	5	5	5	5	6	5	5	5	5	5	
135	299	305	5	23	30	162	13	0	480	265	31	263	168	8	6	133	78	10	5	6	6	5	5	69	79	24	5	5	5	7	5	4	5	5	5	5	5	5	5	4	5	6	5	5	5	5	5	4	5	5	5	5	5	4	5	4	5	5	5	4	4	4	5	
78	115	110	5	17	8	25	6	461	0	418	10	178	348	208	10	305	118	58	6	19	7	6	5	79	69	17	5	5	5	5	5	5	5	5	5	5	5	5	5	5	5	6	6	6	6	5	6	5	5	6	6	5	5	5	5	5	5	5	5	4	5	5	5	
11	61	107	6	9	20	204	127	261	394	0	252	238	211	312	30	336	119	117	12	124	28	7	6	13	11	8	6	6	6	6	5	5	6	6	6	6	6	7	13	6	6	7	31	7	7	6	8	5	5	6	7	6	6	5	6	5	5	5	5	5	5	5	5	
6	7	9	6	6	9	144	274	29	10	225	0	412	180	31	84	6	5	6	6	5	5	5	5	5	5	6	5	5	5	5	5	5	6	6	6	6	7	10	144	6	6	31	510	132	76	9	68	5	5	6	5	5	5	5	5	5	5	5	5	5	5	5	5	
6	20	116	5	6	16	157	51	272	183	222	385	0	497	138	128	6	6	7	6	6	5	5	5	5	6	6	5	5	5	5	5	5	5	6	5	5	5	5	7	5	6	7	130	63	60	6	73	5	5	6	6	5	5	5	5	4	4	5	5	5	5	4	5	
6	7	32	5	6	7	26	7	165	341	229	164	451	0	473	315	38	6	26	9	21	6	5	5	6	6	6	5	5	6	5	5	5	5	6	5	5	6	5	6	5	6	7	81	61	63	7	116	5	5	6	6	6	5	5	5	5	5	5	5	5	5	5	5	
6	6	6	5	5	5	6	6	8	191	306	35	130	439	0	415	182	25	210	165	160	25	6	6	6	6	6	5	5	5	5	5	4	5	5	5	5	5	4	5	5	5	6	13	7	7	6	39	5	4	6	10	6	5	4	5	4	5	5	5	4	5	4	5	
5	5	6	5	5	5	6	6	6	10	26	81	117	277	392	0	16	6	127	301	61	7	6	6	5	5	5	5	5	5	5	5	5	5	6	5	5	5	5	5	5	6	7	67	73	116	42	491	5	5	10	149	7	6	5	6	4	4	5	5	5	5	5	5	
69	80	13	5	17	6	6	5	136	297	305	5	7	28	162	12	0	480	265	30	263	167	8	6	133	78	18	5	6	6	5	5	4	5	5	5	4	4	4	5	4	5	5	6	5	5	5	5	4	5	5	5	5	5	4	5	4	4	5	5	5	5	4	5	
79	71	10	5	18	7	5	5	80	112	110	5	6	7	25	6	461	0	418	10	178	346	208	10	305	118	64	6	19	7	7	5	5	5	5	5	4	5	5	5	5	5	5	6	5	5	5	6	5	5	6	6	6	6	5	6	5	5	6	6	5	5	5	5	
9	8	8	6	7	6	7	5	11	61	107	6	7	20	204	127	261	394	0	252	238	211	312	30	336	119	117	12	123	28	7	6	5	5	5	5	5	5	5	5	5	6	6	6	6	7	6	13	6	6	6	31	7	7	6	7	5	5	6	7	6	6	5	6	
5	5	6	5	5	5	5	5	6	7	9	6	6	9	144	273	29	9	225	0	412	180	31	84	6	5	6	6	5	5	5	5	5	5	5	5	5	5	5	5	5	5	6	6	6	7	10	144	5	5	31	510	132	76	9	68	5	4	6	5	5	5	5	5	
5	6	6	5	5	5	5	5	6	20	116	5	6	16	157	51	272	183	222	385	0	497	138	128	7	6	7	6	6	5	5	5	4	4	5	5	5	5	4	5	5	5	5	5	5	5	5	7	4	6	7	130	63	60	6	73	5	5	6	6	5	5	5	5	
6	6	6	5	6	6	5	5	6	7	31	5	6	7	26	7	165	340	229	164	451	0	473	315	38	6	26	9	20	6	6	5	5	5	5	5	5	5	5	5	5	5	6	5	5	5	5	6	5	5	6	81	61	63	7	116	5	5	6	6	6	5	5	5	
6	6	6	5	5	5	5	5	6	6	6	5	5	5	6	5	8	191	306	34	130	439	0	415	182	25	210	165	160	25	6	6	4	5	5	5	4	5	4	5	4	4	5	5	5	5	5	5	4	5	5	13	6	7	6	39	4	4	6	10	6	5	4	5	
5	5	5	5	5	5	5	5	5	5	6	5	5	5	6	5	6	10	26	81	117	277	392	0	16	6	127	301	61	6	6	6	4	4	5	5	5	5	5	5	4	4	6	5	5	5	5	5	5	6	7	67	73	116	42	491	5	5	10	149	7	6	5	6	
133	87	14	6	23	8	5	5	71	81	12	5	5	5	6	5	136	297	305	5	7	27	162	12	0	480	268	30	262	167	9	6	4	4	5	6	5	5	4	5	4	5	5	6	4	4	4	5	4	5	5	5	5	5	4	6	4	5	5	5	5	5	5	5	
306	140	71	12	53	20	10	8	87	73	14	8	10	10	9	8	84	115	114	8	10	11	29	8	464	0	434	12	178	347	212	13	5	5	6	9	6	6	5	9	5	5	5	9	5	6	5	8	5	5	5	9	6	6	5	8	5	5	6	7	6	6	5	7	
333	141	126	19	145	42	12	8	23	18	13	9	11	11	10	7	21	67	111	9	12	23	206	129	264	411	0	253	239	212	312	32	5	5	6	11	8	7	5	9	5	5	5	9	6	6	5	8	5	6	6	10	7	8	6	15	6	6	6	32	7	7	6	8	
6	5	6	6	5	5	5	5	5	5	6	5	5	5	5	5	6	6	9	6	6	9	144	273	29	9	225	0	412	180	31	84	5	5	6	5	5	5	5	5	5	5	5	5	5	5	5	5	5	5	6	6	6	6	10	144	5	5	31	510	132	76	9	67	
7	6	7	6	6	5	5	5	5	6	6	5	5	5	5	5	6	20	116	5	6	16	157	51	272	183	222	385	0	497	138	128	4	5	6	6	5	5	5	5	4	4	5	5	5	5	4	5	4	5	5	5	5	5	5	7	5	6	6	130	63	60	5	73	
28	12	25	10	21	6	6	5	6	6	6	5	5	6	5	5	6	7	31	5	6	7	25	6	165	341	229	164	451	0	473	315	5	5	6	6	6	5	5	5	5	5	5	5	5	5	5	5	5	5	5	5	4	5	5	6	5	6	6	81	61	63	7	116	
173	39	210	168	170	33	7	6	7	7	7	5	5	5	5	5	6	7	6	5	5	5	6	6	9	198	306	35	131	440	0	415	5	4	6	14	7	6	4	6	4	5	5	6	5	6	4	5	4	4	5	6	5	5	4	6	5	5	5	14	7	7	6	40	
9	8	121	303	65	7	6	6	5	5	5	5	5	5	5	5	5	5	6	5	5	5	6	6	6	12	26	81	117	277	392	0	5	5	11	157	7	6	5	6	4	5	5	5	5	5	5	5	5	4	6	5	5	5	5	5	5	6	7	67	73	116	42	491	
4	5	6	5	5	5	5	5	4	5	5	5	5	5	4	5	4	5	5	5	4	4	4	4	4	5	5	5	5	5	4	5	0	480	265	30	262	167	8	6	133	78	10	5	6	5	5	5	67	78	9	5	5	5	5	5	135	292	297	5	6	23	159	9	
5	5	6	6	6	6	5	6	5	5	6	6	5	5	5	5	5	5	5	5	4	5	5	5	5	5	5	5	5	5	5	5	458	0	419	10	179	346	209	10	306	118	58	6	19	7	6	5	80	68	7	5	5	5	5	5	79	116	117	5	6	6	25	6	
6	6	7	31	7	7	7	8	5	5	6	7	6	6	5	6	5	5	5	5	5	5	5	5	5	6	6	6	6	7	6	12	261	394	0	251	239	214	312	30	338	117	117	12	123	27	7	6	14	12	7	6	6	6	6	5	16	67	108	6	7	20	203	126	
6	6	31	510	147	80	13	69	5	5	6	5	5	5	5	5	5	5	5	5	5	5	5	5	5	5	6	6	6	6	14	144	28	10	221	0	411	179	31	85	5	5	6	6	5	5	4	5	5	5	6	5	4	5	5	5	6	6	14	6	6	9	149	273	
5	6	7	118	67	60	7	73	5	5	6	6	5	5	5	5	4	4	5	5	5	5	4	5	5	5	6	5	5	5	5	7	272	183	218	389	0	498	138	127	6	5	6	6	6	5	5	5	5	6	6	5	5	5	5	5	5	26	120	5	6	17	162	55	
5	6	7	73	59	62	8	115	5	5	6	6	6	5	5	5	5	5	5	5	5	5	5	5	5	5	6	5	5	5	5	6	165	340	226	163	450	0	473	317	37	6	25	10	21	6	5	5	6	6	6	5	5	6	5	5	6	7	38	5	6	6	31	7	
5	5	6	8	7	7	6	38	5	4	6	12	6	6	4	5	4	5	5	5	4	5	4	5	4	5	6	5	5	5	4	5	8	191	307	34	130	441	0	414	181	25	210	165	159	25	6	6	6	5	5	5	5	5	5	5	5	6	6	5	4	5	5	6	
5	6	7	67	73	116	48	491	6	5	15	163	7	6	6	6	5	5	5	5	5	5	5	5	5	5	6	5	5	5	5	5	6	10	26	83	119	280	395	0	16	6	126	304	61	6	6	6	5	4	5	5	5	5	5	5	5	5	6	5	5	5	5	6	
4	5	5	5	5	5	5	5	4	5	6	5	5	5	5	5	4	5	5	5	5	5	4	4	4	5	5	5	4	4	4	4	135	296	300	5	6	30	163	13	0	481	265	30	262	167	8	6	134	79	10	5	6	5	5	5	68	80	12	5	5	5	5	5	
5	5	5	5	5	5	5	5	5	5	6	6	6	6	5	6	5	5	6	6	5	5	5	5	5	5	5	5	4	5	5	5	77	112	108	5	6	6	25	6	459	0	419	10	179	346	209	10	306	118	58	6	19	7	6	5	79	68	8	5	5	5	5	5	
5	6	6	6	6	7	7	11	6	6	7	31	7	7	6	8	5	5	6	7	6	6	5	6	5	5	5	5	5	5	5	5	10	61	106	6	7	21	203	128	261	394	0	253	241	214	312	30	338	117	117	12	123	27	7	6	14	12	7	6	6	6	6	5	
5	6	6	6	6	7	10	138	6	6	32	510	147	80	13	69	5	5	6	5	5	5	5	5	5	5	5	5	5	5	5	5	6	6	9	6	6	9	144	273	28	9	226	0	411	179	31	85	5	5	6	6	5	5	5	5	5	5	6	5	4	5	5	5	
5	5	6	5	5	5	6	7	5	6	7	118	67	60	7	73	5	5	6	6	5	5	5	5	4	4	5	5	5	5	4	5	5	19	115	5	6	17	157	52	271	183	222	389	0	498	138	127	6	5	6	6	6	5	5	5	5	6	6	5	5	5	5	5	
5	5	6	5	5	6	5	6	5	6	7	73	59	62	8	115	5	5	6	6	6	5	5	5	5	5	5	5	5	5	5	5	6	6	30	5	6	6	26	7	165	340	226	163	450	0	473	317	37	6	25	10	21	6	5	5	6	6	6	5	5	6	5	5	
4	5	5	5	5	5	4	5	5	5	6	8	7	6	6	38	5	4	6	12	6	5	4	5	4	5	5	5	4	5	4	5	5	6	6	5	4	5	6	6	8	191	307	34	130	441	0	414	181	25	210	165	159	25	6	6	6	5	5	5	5	5	4	5	
5	5	6	5	5	5	5	5	5	6	7	67	73	116	48	491	6	5	15	162	7	6	6	5	5	5	5	5	5	5	5	5	5	5	6	5	5	5	6	6	6	10	26	83	119	280	395	0	16	6	126	304	61	6	6	5	5	4	5	5	5	5	5	5	
4	5	5	5	5	4	4	5	4	5	5	5	5	5	5	5	4	5	5	5	5	5	5	5	4	5	5	5	5	5	4	5	68	80	13	5	5	5	5	5	135	296	300	5	6	30	163	13	0	481	265	30	263	168	8	6	134	79	10	5	5	5	5	4	
5	5	5	5	5	5	5	5	5	5	5	5	5	5	5	5	5	5	5	6	5	6	5	6	5	5	6	6	5	5	5	5	78	68	9	5	5	5	5	5	79	112	108	5	6	6	25	6	459	0	419	10	179	346	209	10	307	118	58	6	19	7	6	5	
5	5	5	5	5	5	5	5	5	6	6	6	6	7	6	11	6	6	7	31	7	7	6	8	5	5	6	7	6	6	5	6	9	9	7	6	6	6	6	5	10	61	106	6	7	21	203	128	261	394	0	253	242	214	312	30	338	117	117	12	123	27	6	7	
5	5	5	5	5	5	5	5	5	5	6	6	6	7	10	138	6	6	32	510	147	81	13	68	5	5	6	5	5	5	5	5	4	5	6	5	4	5	5	5	6	6	9	6	6	9	144	274	28	9	226	0	411	179	31	85	5	5	6	5	5	5	5	5	
4	4	5	5	5	5	4	5	5	5	6	5	5	5	5	7	5	6	7	118	67	60	7	73	5	5	6	6	4	4	5	5	5	6	6	5	5	5	5	5	5	20	115	5	6	17	157	52	271	183	222	389	0	498	138	127	7	5	6	6	6	5	5	5	
5	5	5	5	5	5	5	5	5	5	6	5	5	5	5	6	5	6	6	73	59	62	8	115	5	5	6	6	6	5	5	5	6	6	6	5	5	6	5	5	6	7	30	5	6	6	26	7	165	340	226	163	450	0	473	317	37	6	25	10	21	6	5	5	
4	5	5	5	5	5	4	5	4	5	5	5	5	5	4	5	5	5	6	7	7	6	6	38	4	4	6	12	6	5	4	5	6	5	5	5	5	5	5	5	5	6	6	5	4	5	5	5	8	191	307	34	130	441	0	414	181	25	210	165	159	25	6	6	
5	5	5	5	5	5	5	5	5	5	6	5	5	5	5	5	5	6	7	67	72	116	48	491	6	5	15	162	7	6	6	6	5	4	5	5	5	5	5	5	4	4	6	5	5	5	5	5	6	10	26	83	119	280	395	0	16	6	126	303	61	6	6	6	
4	5	5	5	5	5	4	5	4	5	5	5	4	4	4	4	4	5	5	5	5	5	4	5	4	5	5	5	5	5	5	5	133	80	13	5	6	5	5	5	69	80	13	5	5	5	5	5	135	296	300	5	6	30	163	13	0	481	265	30	263	168	8	6	
5	5	6	6	6	5	5	5	5	5	5	5	4	5	5	5	5	5	5	5	5	5	5	5	5	5	6	6	6	6	5	6	305	123	66	6	23	8	6	5	83	72	10	5	5	5	5	5	81	115	108	5	6	6	25	6	461	0	422	10	179	346	209	10	
5	5	6	7	6	6	5	6	5	5	5	5	5	5	5	5	5	6	6	6	6	7	6	11	6	6	6	31	7	7	6	8	333	125	119	14	125	34	6	6	11	10	7	6	6	6	6	5	11	61	106	6	7	21	203	128	262	399	0	253	242	214	312	30	
5	5	6	5	5	5	5	5	5	5	5	5	5	5	5	5	5	5	6	6	6	6	10	138	6	6	32	510	147	81	13	68	5	5	6	6	5	5	5	5	4	5	6	5	4	5	5	5	6	6	9	6	6	9	144	273	28	9	226	0	411	179	31	85	
5	5	6	6	5	5	5	5	4	4	5	5	5	5	4	5	5	5	6	5	5	5	5	7	5	6	7	118	67	60	7	73	7	6	6	6	6	5	5	5	5	6	6	5	5	5	5	5	5	20	115	5	6	17	157	53	271	183	222	389	0	498	138	127	
5	5	6	6	6	5	5	5	5	5	5	5	5	5	5	5	5	5	6	5	5	5	5	6	5	6	6	73	59	62	8	115	28	6	25	10	20	6	6	5	6	6	6	5	5	6	5	5	6	7	30	5	6	6	26	7	165	340	226	162	450	0	473	317	
5	4	6	10	6	6	4	5	4	5	5	5	4	5	4	5	4	5	5	5	5	5	4	5	5	5	6	7	7	7	6	38	173	23	210	168	167	34	6	6	6	5	5	5	5	5	5	5	5	6	6	5	4	5	5	5	8	191	307	34	130	442	0	414	
6	5	10	149	7	6	6	6	5	5	5	5	5	5	5	5	5	5	6	5	5	5	5	5	5	6	7	67	72	116	48	491	8	6	121	305	62	6	6	6	5	4	5	5	5	5	5	5	4	4	6	5	5	5	5	5	6	10	26	83	119	280	396	0	
